tests/data/SBE37_2864_NISKINE.cnv
* Sea-Bird SBE37 Data File:
* FileName = C:\Users\mod\Desktop\NISKINe\SBE37\SBE37_2864_NISKINE.asc
* Software Version 1.59
* Temperature SN = 2864
* Conductivity SN = 2864
* System UpLoad Time = Oct 10 2020 23:40:32
* ds
* SBE37-SM V 2.6b  SERIAL NO. 2864    10 Oct 2020  23:41:37
# nquan = 4
# nvalues =   185394
# units = metric
# name 0 = t090: temperature, ITS-90 [deg C]
# name 1 = c0S/m: conductivity [S/m]
# name 2 = pr: pressure [db]
# name 3 = flag:  0.000e+00
# span 0 = 6.2859, 31.9217            
# span 1 = -0.00007, 3.89971          
# span 2 = -0.831, 658.229            
# span 3 = 0.000e+00, 0.000e+00       
# interval = seconds: 240
# start_time = May 15 2019 00:00:01
# bad_flag = -9.990e-29
*END*
[from data line 1423]
     7.4099    3.57536    227.902  0.000e+00
     7.4381    3.57860    227.831  0.000e+00
     7.4294    3.57750    227.688  0.000e+00
     7.4119    3.57610    227.545  0.000e+00
     7.4652    3.58120    227.331  0.000e+00
     7.4736    3.58218    227.117  0.000e+00
     7.4905    3.58424    226.795  0.000e+00
     7.5074    3.58623    226.403  0.000e+00
     7.4738    3.58200    226.081  0.000e+00
     7.5113    3.58608    225.760  0.000e+00
     7.5060    3.58628    225.403  0.000e+00
     7.5114    3.58675    224.974  0.000e+00
     7.5142    3.58671    224.545  0.000e+00
     7.5254    3.58824    224.081  0.000e+00
     7.4990    3.58408    223.581  0.000e+00
     7.4350    3.57906    223.153  0.000e+00
     7.4376    3.57949    222.724  0.000e+00
     7.4468    3.57964    222.260  0.000e+00
     7.4391    3.57887    221.939  0.000e+00
     7.4192    3.57677    221.617  0.000e+00
     7.3965    3.57460    221.296  0.000e+00
     7.3766    3.57204    221.010  0.000e+00
     7.3533    3.56936    220.689  0.000e+00
     7.2908    3.56288    220.331  0.000e+00
     7.2768    3.56125    219.903  0.000e+00
     7.2635    3.55975    219.474  0.000e+00
     7.2650    3.55973    219.046  0.000e+00
     7.2055    3.55319    218.653  0.000e+00
     7.1788    3.55016    218.260  0.000e+00
     7.1987    3.55195    217.832  0.000e+00
     7.2131    3.55340    217.475  0.000e+00
     7.2162    3.55387    217.082  0.000e+00
     7.2222    3.55431    216.653  0.000e+00
     7.2238    3.55532    216.260  0.000e+00
     7.2351    3.55573    215.832  0.000e+00
     7.2453    3.55698    215.368  0.000e+00
     7.2514    3.55751    214.975  0.000e+00
     7.2942    3.56224    214.546  0.000e+00
     7.3624    3.57003    214.189  0.000e+00
     7.4295    3.57721    213.832  0.000e+00
     7.4469    3.57900    213.475  0.000e+00
     7.4648    3.58101    213.153  0.000e+00
     7.4772    3.58195    212.761  0.000e+00
     7.4851    3.58321    212.403  0.000e+00
     7.4883    3.58355    212.082  0.000e+00
     7.5259    3.58740    211.796  0.000e+00
     7.5444    3.58944    211.439  0.000e+00
     7.5506    3.59002    211.118  0.000e+00
     7.5833    3.59367    210.796  0.000e+00
     7.5647    3.59202    210.511  0.000e+00
     7.6032    3.59478    210.154  0.000e+00
     7.6077    3.59616    209.868  0.000e+00
     7.6118    3.59653    209.547  0.000e+00
     7.6089    3.59628    209.189  0.000e+00
     7.6075    3.59589    208.832  0.000e+00
     7.6140    3.59654    208.475  0.000e+00
