tests/data/SBE37_12712_NISKINE.cnv
* Sea-Bird SBE37SM-RS232  Data File:
* FileName = C:\Users\mod\Desktop\NISKINe\SBE37\SBE37_12712_NISKINE.hex
* Software version SeatermV2 2.8.0.119
* Temperature SN = 12712
* Conductivity SN = 12712
* System UpLoad Time = Oct 11 2020 12:10:32
* sample interval = 100 seconds
* <ApplicationData>
# nquan = 6
# nvalues = 256106                                
# units = specified
# name 0 = timeJ: Julian Days
# name 1 = prdM: Pressure, Strain Gauge [db]
# name 2 = tv290C: Temperature [ITS-90, deg C]
# name 3 = cond0S/m: Conductivity [S/m]
# name 4 = sal00: Salinity, Practical [PSU]
# name 5 = flag:  0.000e+00
# span 0 = 135.000012, 431.417836                 
# span 1 =     -2.642,   2899.907                 
# span 2 =     2.3196,    31.4026                 
# span 3 =  -0.005216,   3.898104                 
# span 4 =     0.0000,    35.0795                 
# span 5 = 0.0000e+00, 0.0000e+00                 
# interval = seconds: 100
# start_time = May 15 2019 00:00:01 [Instrument's time stamp, first data scan]
# bad_flag = -9.990e-29
*END*
[from data line 1672]
 136.935197      0.185    21.8575   0.000017     0.0108  0.000e+00
 136.936354      0.091    21.8571   0.000014     0.0108  0.000e+00
 136.937512      0.120    21.8563   0.000017     0.0108  0.000e+00
 136.938669      0.120    21.8553   0.000017     0.0108  0.000e+00
 136.939826      0.128    21.8545   0.000017     0.0108  0.000e+00
 136.940984      0.077    21.8536   0.000017     0.0108  0.000e+00
 136.942141      0.120    21.8520   0.000017     0.0108  0.000e+00
 136.943299      0.099    21.8516   0.000017     0.0108  0.000e+00
 136.944456      0.113    21.8505   0.000017     0.0108  0.000e+00
 136.945613      0.142    21.8487   0.000017     0.0108  0.000e+00
 136.946771      0.120    21.8477   0.000014     0.0108  0.000e+00
 136.947928      0.056    21.8459   0.000017     0.0108  0.000e+00
 136.949086      0.099    21.8449   0.000017     0.0108  0.000e+00
 136.950243      0.120    21.8436   0.000017     0.0108  0.000e+00
 136.951400      0.142    21.8422   0.000017     0.0108  0.000e+00
 136.952558      0.099    21.8400   0.000017     0.0108  0.000e+00
 136.953715      0.120    21.8386   0.000017     0.0108  0.000e+00
 136.954873      0.099    21.8372   0.000017     0.0108  0.000e+00
 136.956030      0.142    21.8358   0.000014     0.0108  0.000e+00
 136.957188      0.099    21.8336   0.000017     0.0108  0.000e+00
 136.958345      0.106    21.8319   0.000017     0.0108  0.000e+00
 136.959502      0.099    21.8301   0.000017     0.0108  0.000e+00
 136.960660      0.163    21.8282   0.000017     0.0108  0.000e+00
 136.961817      0.142    21.8258   0.000017     0.0108  0.000e+00
 136.962975      0.106    21.8250   0.000017     0.0108  0.000e+00
 136.964132      0.149    21.8224   0.000017     0.0108  0.000e+00
 136.965289      0.128    21.8211   0.000017     0.0108  0.000e+00
 136.966447      0.099    21.8197   0.000017     0.0108  0.000e+00
 136.967604      0.120    21.8172   0.000017     0.0108  0.000e+00
 136.968762      0.042    21.8160   0.000017     0.0108  0.000e+00
 136.969919      0.099    21.8139   0.000017     0.0108  0.000e+00
 136.971076      0.142    21.8122   0.000017     0.0108  0.000e+00
 136.972234      0.128    21.8107   0.000017     0.0108  0.000e+00
 136.973391      0.113    21.8094   0.000017     0.0108  0.000e+00
 136.974549      0.077    21.8070   0.000014     0.0108  0.000e+00
 136.975706      0.142    21.8055   0.000017     0.0108  0.000e+00
 136.976863      0.099    21.8045   0.000017     0.0108  0.000e+00
 136.978021      0.120    21.8026   0.000017     0.0108  0.000e+00
 136.979178      0.077    21.8012   0.000017     0.0108  0.000e+00
 136.980336      0.149    21.7995   0.000017     0.0108  0.000e+00
 136.981493      0.085    21.7979   0.000017     0.0108  0.000e+00
 136.982650      0.163    21.7957   0.000014     0.0108  0.000e+00
 136.983808      0.077    21.7956   0.000017     0.0108  0.000e+00
 136.984965      0.106    21.7933   0.000017     0.0108  0.000e+00
 136.986123      0.128    21.7923   0.000017     0.0108  0.000e+00
 136.987280      0.128    21.7913   0.000017     0.0108  0.000e+00
 136.988438      0.077    21.7896   0.000014     0.0108  0.000e+00
 136.989595      0.120    21.7883   0.000017     0.0108  0.000e+00
 136.990752      0.142    21.7868   0.000017     0.0108  0.000e+00
 136.991910      0.077    21.7853   0.000017     0.0108  0.000e+00
 136.993067      0.106    21.7847   0.000014     0.0108  0.000e+00
 136.994225      0.085    21.7837   0.000017     0.0108  0.000e+00
 136.995382      0.085    21.7823   0.000017     0.0108  0.000e+00
 136.996539      0.106    21.7818   0.000017     0.0108  0.000e+00
 136.997697      0.114    21.7805   0.000014     0.0108  0.000e+00
 136.998854      0.106    21.7796   0.000017     0.0108  0.000e+00
 137.000012      0.128    21.7784   0.000017     0.0108  0.000e+00
 137.001169      0.106    21.7779   0.000014     0.0108  0.000e+00
 137.002326      0.106    21.7766   0.000017     0.0108  0.000e+00
 137.003484      0.128    21.7753   0.000017     0.0108  0.000e+00
 137.004641      0.128    21.7745   0.000014     0.0108  0.000e+00
 137.005799      0.085    21.7736   0.000017     0.0108  0.000e+00
 137.006956      0.071    21.7731   0.000017     0.0108  0.000e+00
 137.008113      0.106    21.7723   0.000017     0.0108  0.000e+00
 137.009271      0.128    21.7710   0.000017     0.0108  0.000e+00
 137.010428      0.063    21.7704   0.000017     0.0108  0.000e+00
 137.011586      0.085    21.7696   0.000017     0.0108  0.000e+00
 137.012743      0.106    21.7684   0.000017     0.0108  0.000e+00
 137.013900      0.106    21.7678   0.000017     0.0108  0.000e+00
 137.015058      0.085    21.7670   0.000017     0.0108  0.000e+00
 137.016215      0.077    21.7655   0.000017     0.0108  0.000e+00
 137.017373      0.085    21.7652   0.000017     0.0108  0.000e+00
 137.018530      0.063    21.7631   0.000017     0.0108  0.000e+00
 137.019688      0.149    21.7626   0.000017     0.0108  0.000e+00
 137.020845      0.106    21.7612   0.000017     0.0108  0.000e+00
 137.022002      0.128    21.7602   0.000017     0.0108  0.000e+00
 137.023160      0.128    21.7594   0.000017     0.0108  0.000e+00
 137.024317      0.157    21.7581   0.000017     0.0108  0.000e+00
 137.025475      0.128    21.7568   0.000017     0.0108  0.000e+00
 137.026632      0.114    21.7554   0.000017     0.0108  0.000e+00
 137.027789      0.106    21.7543   0.000017     0.0108  0.000e+00
 137.028947      0.085    21.7537   0.000017     0.0108  0.000e+00
 137.030104      0.092    21.7526   0.000017     0.0108  0.000e+00
 137.031262      0.135    21.7512   0.000014     0.0108  0.000e+00
 137.032419      0.157    21.7498   0.000017     0.0108  0.000e+00
 137.033576      0.063    21.7495   0.000017     0.0108  0.000e+00
 137.034734      0.121    21.7482   0.000017     0.0108  0.000e+00
 137.035891      0.092    21.7471   0.000017     0.0108  0.000e+00
 137.037049      0.114    21.7458   0.000017     0.0108  0.000e+00
 137.038206      0.128    21.7448   0.000017     0.0108  0.000e+00
 137.039363      0.106    21.7438   0.000017     0.0108  0.000e+00
 137.040521      0.135    21.7425   0.000017     0.0108  0.000e+00
 137.041678      0.106    21.7407   0.000017     0.0108  0.000e+00
 137.042836      0.114    21.7402   0.000017     0.0108  0.000e+00
 137.043993      0.135    21.7385   0.000017     0.0107  0.000e+00
 137.045150      0.092    21.7385   0.000017     0.0107  0.000e+00
 137.046308      0.071    21.7360   0.000017     0.0107  0.000e+00
 137.047465      0.092    21.7357   0.000017     0.0107  0.000e+00
 137.048623      0.157    21.7339   0.000017     0.0107  0.000e+00
 137.049780      0.114    21.7331   0.000014     0.0108  0.000e+00
 137.050938      0.092    21.7318   0.000017     0.0107  0.000e+00
 137.052095      0.157    21.7307   0.000017     0.0107  0.000e+00
 137.053252      0.114    21.7302   0.000017     0.0107  0.000e+00
 137.054410      0.092    21.7289   0.000017     0.0107  0.000e+00
 137.055567      0.128    21.7274   0.000017     0.0107  0.000e+00
 137.056725      0.057    21.7271   0.000017     0.0107  0.000e+00
 137.057882      0.114    21.7261   0.000017     0.0107  0.000e+00
 137.059039      0.114    21.7248   0.000017     0.0107  0.000e+00
 137.060197      0.121    21.7243   0.000017     0.0107  0.000e+00
 137.061354      0.135    21.7232   0.000017     0.0107  0.000e+00
 137.062512      0.092    21.7231   0.000017     0.0107  0.000e+00
 137.063669      0.121    21.7220   0.000017     0.0107  0.000e+00
 137.064826      0.121    21.7216   0.000017     0.0107  0.000e+00
 137.065984      0.121    21.7205   0.000017     0.0107  0.000e+00
 137.067141      0.092    21.7192   0.000017     0.0107  0.000e+00
 137.068299      0.092    21.7185   0.000014     0.0108  0.000e+00
 137.069456      0.135    21.7177   0.000014     0.0108  0.000e+00
 137.070613      0.114    21.7168   0.000017     0.0107  0.000e+00
 137.071771      0.049    21.7161   0.000017     0.0107  0.000e+00
 137.072928      0.135    21.7157   0.000014     0.0108  0.000e+00
 137.074086      0.100    21.7148   0.000014     0.0108  0.000e+00
 137.075243      0.135    21.7147   0.000017     0.0107  0.000e+00
 137.076400      0.121    21.7134   0.000017     0.0107  0.000e+00
 137.077558      0.092    21.7126   0.000014     0.0108  0.000e+00
 137.078715      0.143    21.7122   0.000017     0.0107  0.000e+00
 137.079873      0.100    21.7108   0.000014     0.0108  0.000e+00
 137.081030      0.121    21.7107   0.000014     0.0108  0.000e+00
 137.082188      0.078    21.7102   0.000017     0.0107  0.000e+00
 137.083345      0.078    21.7099   0.000017     0.0107  0.000e+00
 137.084502      0.100    21.7091   0.000017     0.0107  0.000e+00
 137.085660      0.114    21.7082   0.000017     0.0107  0.000e+00
 137.086817      0.092    21.7082   0.000017     0.0107  0.000e+00
 137.087975      0.071    21.7069   0.000014     0.0108  0.000e+00
 137.089132      0.135    21.7071   0.000017     0.0107  0.000e+00
 137.090289      0.100    21.7058   0.000017     0.0107  0.000e+00
 137.091447      0.100    21.7060   0.000017     0.0107  0.000e+00
 137.092604      0.057    21.7051   0.000017     0.0107  0.000e+00
 137.093762      0.114    21.7041   0.000017     0.0107  0.000e+00
 137.094919      0.143    21.7044   0.000017     0.0107  0.000e+00
 137.096076      0.078    21.7035   0.000017     0.0107  0.000e+00
 137.097234      0.035    21.7030   0.000017     0.0107  0.000e+00
 137.098391      0.078    21.7021   0.000017     0.0107  0.000e+00
 137.099549      0.078    21.7021   0.000017     0.0107  0.000e+00
 137.100706      0.014    21.7016   0.000017     0.0107  0.000e+00
 137.101863      0.143    21.7014   0.000014     0.0108  0.000e+00
 137.103021      0.014    21.7014   0.000017     0.0107  0.000e+00
 137.104178      0.092    21.7006   0.000017     0.0107  0.000e+00
 137.105336      0.071    21.7007   0.000017     0.0107  0.000e+00
 137.106493      0.057    21.7003   0.000014     0.0108  0.000e+00
 137.107650      0.100    21.6999   0.000017     0.0107  0.000e+00
 137.108808      0.121    21.6993   0.000017     0.0107  0.000e+00
 137.109965      0.143    21.6989   0.000014     0.0108  0.000e+00
 137.111123      0.086    21.6983   0.000014     0.0108  0.000e+00
 137.112280      0.086    21.6980   0.000017     0.0107  0.000e+00
 137.113438      0.100    21.6978   0.000017     0.0107  0.000e+00
 137.114595      0.049    21.6971   0.000017     0.0107  0.000e+00
 137.115752      0.121    21.6970   0.000017     0.0107  0.000e+00
 137.116910      0.057    21.6961   0.000014     0.0108  0.000e+00
 137.118067      0.078    21.6959   0.000014     0.0108  0.000e+00
 137.119225      0.057    21.6950   0.000014     0.0108  0.000e+00
 137.120382      0.100    21.6951   0.000017     0.0107  0.000e+00
 137.121539      0.100    21.6945   0.000017     0.0107  0.000e+00
 137.122697      0.100    21.6936   0.000017     0.0107  0.000e+00
 137.123854      0.100    21.6935   0.000017     0.0107  0.000e+00
 137.125012      0.078    21.6926   0.000014     0.0108  0.000e+00
 137.126169      0.078    21.6920   0.000017     0.0107  0.000e+00
 137.127326      0.028    21.6918   0.000017     0.0107  0.000e+00
 137.128484      0.078    21.6907   0.000017     0.0107  0.000e+00
 137.129641      0.100    21.6903   0.000017     0.0107  0.000e+00
 137.130799      0.121    21.6900   0.000014     0.0107  0.000e+00
 137.131956      0.057    21.6895   0.000017     0.0107  0.000e+00
 137.133113      0.057    21.6886   0.000014     0.0107  0.000e+00
 137.134271      0.057    21.6879   0.000017     0.0107  0.000e+00
 137.135428      0.057    21.6878   0.000017     0.0107  0.000e+00
 137.136586      0.057    21.6870   0.000014     0.0107  0.000e+00
 137.137743      0.078    21.6861   0.000017     0.0107  0.000e+00
 137.138900      0.057    21.6861   0.000017     0.0107  0.000e+00
 137.140058      0.057    21.6850   0.000017     0.0107  0.000e+00
 137.141215      0.057    21.6857   0.000014     0.0107  0.000e+00
 137.142373      0.064    21.6843   0.000017     0.0107  0.000e+00
 137.143530      0.078    21.6835   0.000017     0.0107  0.000e+00
 137.144688      0.064    21.6835   0.000017     0.0107  0.000e+00
 137.145845      0.129    21.6830   0.000014     0.0107  0.000e+00
 137.147002      0.035    21.6827   0.000017     0.0107  0.000e+00
 137.148160      0.078    21.6819   0.000014     0.0107  0.000e+00
 137.149317      0.078    21.6813   0.000017     0.0107  0.000e+00
 137.150475      0.057    21.6812   0.000017     0.0107  0.000e+00
 137.151632      0.086    21.6811   0.000017     0.0107  0.000e+00
 137.152789      0.078    21.6801   0.000017     0.0107  0.000e+00
 137.153947      0.129    21.6796   0.000017     0.0107  0.000e+00
 137.155104      0.057    21.6799   0.000017     0.0107  0.000e+00
 137.156262      0.078    21.6791   0.000017     0.0107  0.000e+00
 137.157419      0.057    21.6782   0.000014     0.0107  0.000e+00
 137.158576      0.121    21.6782   0.000017     0.0107  0.000e+00
 137.159734      0.078    21.6776   0.000014     0.0107  0.000e+00
 137.160891      0.078    21.6776   0.000014     0.0107  0.000e+00
 137.162049      0.121    21.6771   0.000017     0.0107  0.000e+00
 137.163206      0.078    21.6763   0.000017     0.0107  0.000e+00
 137.164363      0.078    21.6764   0.000017     0.0107  0.000e+00
 137.165521      0.078    21.6760   0.000017     0.0107  0.000e+00
 137.166678      0.078    21.6759   0.000017     0.0107  0.000e+00
 137.167836      0.078    21.6750   0.000014     0.0107  0.000e+00
 137.168993      0.078    21.6752   0.000017     0.0107  0.000e+00
 137.170150      0.100    21.6751   0.000017     0.0107  0.000e+00
 137.171308      0.014    21.6743   0.000014     0.0107  0.000e+00
 137.172465      0.078    21.6739   0.000014     0.0107  0.000e+00
 137.173623      0.100    21.6743   0.000017     0.0107  0.000e+00
 137.174780      0.100    21.6744   0.000017     0.0107  0.000e+00
 137.175938      0.057    21.6742   0.000017     0.0107  0.000e+00
 137.177095      0.086    21.6737   0.000017     0.0107  0.000e+00
 137.178252      0.078    21.6741   0.000017     0.0107  0.000e+00
 137.179410      0.035    21.6736   0.000017     0.0107  0.000e+00
 137.180567      0.042    21.6738   0.000017     0.0107  0.000e+00
 137.181725      0.129    21.6730   0.000017     0.0107  0.000e+00
 137.182882     -0.030    21.6733   0.000017     0.0107  0.000e+00
 137.184039      0.035    21.6725   0.000014     0.0107  0.000e+00
 137.185197      0.086    21.6726   0.000017     0.0107  0.000e+00
 137.186354      0.064    21.6724   0.000017     0.0107  0.000e+00
 137.187512      0.107    21.6723   0.000017     0.0107  0.000e+00
 137.188669      0.064    21.6720   0.000017     0.0107  0.000e+00
 137.189826      0.078    21.6723   0.000017     0.0107  0.000e+00
 137.190984      0.107    21.6715   0.000014     0.0107  0.000e+00
 137.192141      0.021    21.6706   0.000017     0.0107  0.000e+00
 137.193299      0.086    21.6708   0.000014     0.0107  0.000e+00
 137.194456      0.057    21.6710   0.000014     0.0107  0.000e+00
 137.195613      0.078    21.6707   0.000017     0.0107  0.000e+00
 137.196771      0.078    21.6698   0.000017     0.0107  0.000e+00
 137.197928      0.100    21.6700   0.000017     0.0107  0.000e+00
 137.199086      0.107    21.6699   0.000014     0.0107  0.000e+00
 137.200243      0.086    21.6691   0.000014     0.0107  0.000e+00
 137.201400      0.150    21.6690   0.000017     0.0107  0.000e+00
 137.202558      0.057    21.6688   0.000014     0.0107  0.000e+00
 137.203715      0.100    21.6682   0.000017     0.0107  0.000e+00
 137.204873      0.086    21.6686   0.000014     0.0107  0.000e+00
 137.206030      0.057    21.6675   0.000017     0.0107  0.000e+00
 137.207188      0.129    21.6679   0.000017     0.0107  0.000e+00
 137.208345      0.107    21.6671   0.000017     0.0107  0.000e+00
 137.209502      0.107    21.6669   0.000017     0.0107  0.000e+00
