tests/data/SBE37_2864_NISKINE.cnv
* Sea-Bird SBE37 Data File:
* FileName = C:\Users\mod\Desktop\NISKINe\SBE37\SBE37_2864_NISKINE.asc
* Software Version 1.59
* Temperature SN = 2864
* Conductivity SN = 2864
* System UpLoad Time = Oct 10 2020 23:40:32
* ds
* SBE37-SM V 2.6b  SERIAL NO. 2864    10 Oct 2020  23:41:37
# nquan = 4
# nvalues =   185394
# units = metric
# name 0 = t090: temperature, ITS-90 [deg C]
# name 1 = c0S/m: conductivity [S/m]
# name 2 = pr: pressure [db]
# name 3 = flag:  0.000e+00
# span 0 = 6.2859, 31.9217            
# span 1 = -0.00007, 3.89971          
# span 2 = -0.831, 658.229            
# span 3 = 0.000e+00, 0.000e+00       
# interval = seconds: 240
# start_time = May 15 2019 00:00:01
# bad_flag = -9.990e-29
*END*
[from data line 1067]
     7.0219    3.54174    316.467  0.000e+00
     7.0005    3.54077    316.182  0.000e+00
     7.0771    3.54849    315.825  0.000e+00
     7.1088    3.55055    315.396  0.000e+00
     7.1473    3.55528    314.968  0.000e+00
     7.1287    3.55247    314.539  0.000e+00
     7.1505    3.55573    314.003  0.000e+00
     7.0320    3.54218    313.468  0.000e+00
     7.0226    3.54283    312.932  0.000e+00
     7.1213    3.55377    312.396  0.000e+00
     7.0342    3.54234    311.896  0.000e+00
     6.9157    3.52850    311.504  0.000e+00
     6.8852    3.52637    311.039  0.000e+00
     6.9389    3.53117    310.611  0.000e+00
     6.9387    3.53035    310.182  0.000e+00
     6.8674    3.52462    309.861  0.000e+00
     6.9242    3.53223    309.575  0.000e+00
     7.0591    3.54441    309.289  0.000e+00
     7.0738    3.54588    308.932  0.000e+00
     6.9993    3.53742    308.682  0.000e+00
     7.0088    3.53758    308.397  0.000e+00
     7.0843    3.54632    308.075  0.000e+00
     7.1186    3.55068    307.790  0.000e+00
     7.1486    3.55301    307.361  0.000e+00
     7.1311    3.55138    306.861  0.000e+00
     7.1192    3.55011    306.290  0.000e+00
     7.1407    3.55276    305.683  0.000e+00
     7.1676    3.55564    305.004  0.000e+00
     7.1159    3.55030    304.361  0.000e+00
     7.0820    3.54632    303.683  0.000e+00
     7.0822    3.54569    302.933  0.000e+00
     7.0202    3.53903    302.254  0.000e+00
     6.9254    3.52883    301.540  0.000e+00
     6.9449    3.53052    300.861  0.000e+00
     6.9632    3.53250    300.076  0.000e+00
     7.0105    3.53745    299.504  0.000e+00
     7.0358    3.53975    298.790  0.000e+00
     7.0526    3.54164    298.112  0.000e+00
     7.0745    3.54408    297.469  0.000e+00
     7.1371    3.55039    296.862  0.000e+00
     7.2095    3.55765    296.219  0.000e+00
     7.2468    3.56134    295.648  0.000e+00
     7.4308    3.58095    295.112  0.000e+00
     7.4810    3.58599    294.362  0.000e+00
     7.4581    3.58623    293.683  0.000e+00
     7.4122    3.58014    292.862  0.000e+00
     7.3889    3.57910    292.005  0.000e+00
     7.3283    3.57072    291.184  0.000e+00
     7.3999    3.57945    290.398  0.000e+00
     7.4845    3.58783    289.577  0.000e+00
     7.1718    3.55781    288.755  0.000e+00
     7.1871    3.55552    287.898  0.000e+00
     7.2612    3.56318    287.005  0.000e+00
     7.0646    3.54537    286.184  0.000e+00
     7.0784    3.54347    285.398  0.000e+00
     6.9330    3.52839    284.505  0.000e+00
     6.9525    3.52925    283.720  0.000e+00
     6.9305    3.52606    283.041  0.000e+00
     6.9383    3.52804    282.363  0.000e+00
     6.8642    3.51956    281.720  0.000e+00
     6.9138    3.52485    281.113  0.000e+00
     7.1071    3.54495    280.541  0.000e+00
     7.1064    3.54541    279.970  0.000e+00
     7.0780    3.54220    279.327  0.000e+00
     7.0935    3.54411    278.684  0.000e+00
     7.1493    3.54975    278.042  0.000e+00
     7.1314    3.54778    277.435  0.000e+00
     7.1342    3.54785    277.006  0.000e+00
     7.1546    3.55013    276.506  0.000e+00
     7.1298    3.54736    276.149  0.000e+00
     7.1455    3.54900    275.756  0.000e+00
     7.1478    3.54957    275.363  0.000e+00
     7.2198    3.55642    275.006  0.000e+00
     7.2094    3.55548    274.720  0.000e+00
     7.2038    3.55506    274.613  0.000e+00
     7.1878    3.55309    274.506  0.000e+00
     7.2326    3.55819    274.542  0.000e+00
     7.2032    3.55456    274.542  0.000e+00
     7.2897    3.56433    274.542  0.000e+00
     7.2832    3.56376    274.685  0.000e+00
     7.2448    3.55913    274.863  0.000e+00
     7.2590    3.56068    275.149  0.000e+00
     7.2829    3.56329    275.328  0.000e+00
     7.2759    3.56274    275.542  0.000e+00
     7.2608    3.56083    275.828  0.000e+00
     7.2268    3.55793    276.078  0.000e+00
     7.2185    3.55705    276.399  0.000e+00
     7.2139    3.55634    276.756  0.000e+00
     7.2534    3.56056    277.113  0.000e+00
     7.2176    3.55705    277.542  0.000e+00
     7.1498    3.54952    277.899  0.000e+00
     7.1934    3.55294    278.256  0.000e+00
     7.3914    3.57529    278.684  0.000e+00
     7.4508    3.58218    279.113  0.000e+00
     7.4482    3.58225    279.434  0.000e+00
     7.4310    3.58039    279.827  0.000e+00
     7.4758    3.58504    280.149  0.000e+00
     7.5076    3.58864    280.613  0.000e+00
     7.5103    3.58919    280.970  0.000e+00
     7.5013    3.58823    281.256  0.000e+00
     7.5005    3.58801    281.506  0.000e+00
     7.4770    3.58570    281.863  0.000e+00
     7.4573    3.58379    282.220  0.000e+00
     7.4717    3.58523    282.470  0.000e+00
     7.4722    3.58536    282.720  0.000e+00
     7.4686    3.58531    282.863  0.000e+00
     7.4890    3.58731    283.077  0.000e+00
     7.4784    3.58602    283.220  0.000e+00
     7.4744    3.58566    283.613  0.000e+00
     7.4794    3.58669    283.863  0.000e+00
     7.4713    3.58562    284.041  0.000e+00
     7.4454    3.58336    284.184  0.000e+00
     7.3741    3.57473    284.327  0.000e+00
     7.3783    3.57541    284.327  0.000e+00
     7.3279    3.57057    284.363  0.000e+00
     7.3104    3.56769    284.398  0.000e+00
     7.3176    3.56797    284.470  0.000e+00
     7.2922    3.56506    284.505  0.000e+00
     7.2321    3.55955    284.541  0.000e+00
     7.2500    3.56179    284.541  0.000e+00
     7.2736    3.56244    284.577  0.000e+00
     7.3741    3.57581    284.541  0.000e+00
     7.3729    3.57535    284.541  0.000e+00
     7.4774    3.58508    284.541  0.000e+00
     7.4472    3.58277    284.541  0.000e+00
     7.4737    3.58577    284.470  0.000e+00
     7.4006    3.57900    284.363  0.000e+00
     7.4918    3.58755    284.291  0.000e+00
     7.5083    3.58933    284.113  0.000e+00
     7.5056    3.58890    284.006  0.000e+00
     7.5128    3.58988    283.934  0.000e+00
     7.4926    3.58796    283.756  0.000e+00
     7.4528    3.58425    283.684  0.000e+00
     7.4918    3.58743    283.434  0.000e+00
     7.5033    3.58901    283.363  0.000e+00
     7.5043    3.58907    283.113  0.000e+00
     7.4826    3.58738    282.934  0.000e+00
     7.4842    3.58708    282.613  0.000e+00
     7.4859    3.58728    282.220  0.000e+00
     7.5044    3.58945    281.827  0.000e+00
     7.4876    3.58749    281.399  0.000e+00
     7.5014    3.58872    281.041  0.000e+00
     7.4992    3.58864    280.684  0.000e+00
     7.5017    3.58867    280.220  0.000e+00
     7.5017    3.58876    279.756  0.000e+00
     7.4986    3.58848    279.363  0.000e+00
     7.5059    3.58910    278.863  0.000e+00
     7.5183    3.59042    278.399  0.000e+00
     7.5053    3.58915    277.899  0.000e+00
     7.5060    3.58908    277.470  0.000e+00
     7.5217    3.59072    276.899  0.000e+00
     7.5170    3.59043    276.435  0.000e+00
     7.4582    3.58419    275.970  0.000e+00
     7.3662    3.57312    275.470  0.000e+00
     7.2609    3.56193    275.006  0.000e+00
     7.2365    3.55977    274.470  0.000e+00
     7.2350    3.55882    273.899  0.000e+00
     7.2210    3.55746    273.399  0.000e+00
     7.1876    3.55376    272.863  0.000e+00
     7.1993    3.55429    272.292  0.000e+00
     7.2719    3.56255    271.649  0.000e+00
     7.4034    3.57745    271.042  0.000e+00
     7.3860    3.57504    270.471  0.000e+00
     7.3253    3.56802    270.078  0.000e+00
     7.3242    3.56795    269.685  0.000e+00
     7.4564    3.58241    269.328  0.000e+00
     7.4847    3.58620    269.007  0.000e+00
     7.4837    3.58618    268.685  0.000e+00
     7.4919    3.58689    268.435  0.000e+00
     7.4820    3.58602    268.221  0.000e+00
     7.4696    3.58354    267.900  0.000e+00
     7.4503    3.58226    267.650  0.000e+00
     7.4296    3.57908    267.364  0.000e+00
     7.4367    3.58110    267.078  0.000e+00
     7.4631    3.58345    266.828  0.000e+00
     7.4401    3.58144    266.542  0.000e+00
     7.4838    3.58558    266.257  0.000e+00
     7.4897    3.58623    265.971  0.000e+00
     7.5069    3.58789    265.685  0.000e+00
     7.5120    3.58868    265.435  0.000e+00
     7.5066    3.58811    265.257  0.000e+00
     7.5131    3.58874    264.935  0.000e+00
     7.5060    3.58797    264.614  0.000e+00
     7.5181    3.58910    264.221  0.000e+00
     7.5092    3.58868    263.936  0.000e+00
     7.5457    3.59186    263.578  0.000e+00
     7.5548    3.59313    263.221  0.000e+00
     7.5554    3.59323    262.971  0.000e+00
     7.5557    3.59323    262.650  0.000e+00
     7.5552    3.59314    262.400  0.000e+00
     7.5536    3.59295    262.114  0.000e+00
     7.5471    3.59237    261.828  0.000e+00
     7.5529    3.59286    261.579  0.000e+00
     7.5556    3.59325    261.293  0.000e+00
     7.5580    3.59345    260.971  0.000e+00
     7.5384    3.59163    260.650  0.000e+00
     7.5349    3.59099    260.329  0.000e+00
     7.5521    3.59281    260.007  0.000e+00
     7.5426    3.59175    259.722  0.000e+00
     7.5535    3.59274    259.472  0.000e+00
     7.5432    3.59195    259.150  0.000e+00
     7.5481    3.59203    258.793  0.000e+00
     7.5377    3.59157    258.472  0.000e+00
     7.5181    3.58892    258.150  0.000e+00
     7.5152    3.58871    257.936  0.000e+00
     7.5138    3.58848    257.686  0.000e+00
     7.5337    3.59047    257.436  0.000e+00
     7.5488    3.59204    257.115  0.000e+00
     7.5459    3.59166    256.686  0.000e+00
     7.5399    3.59108    256.079  0.000e+00
     7.5508    3.59199    255.508  0.000e+00
     7.5518    3.59219    254.900  0.000e+00
     7.5524    3.59214    254.293  0.000e+00
     7.5513    3.59205    253.758  0.000e+00
     7.5524    3.59209    253.151  0.000e+00
     7.5524    3.59193    252.544  0.000e+00
     7.5378    3.59058    251.936  0.000e+00
     7.5320    3.58992    251.365  0.000e+00
     7.5412    3.59071    250.865  0.000e+00
     7.5402    3.59058    250.329  0.000e+00
     7.5436    3.59109    249.758  0.000e+00
     7.5419    3.59065    249.115  0.000e+00
     7.5364    3.59007    248.579  0.000e+00
     7.5348    3.58952    247.972  0.000e+00
     7.5368    3.58969    247.365  0.000e+00
     7.5326    3.58917    246.758  0.000e+00
     7.5404    3.59020    246.223  0.000e+00
     7.5412    3.59018    245.615  0.000e+00
     7.5363    3.58944    245.080  0.000e+00
     7.5399    3.58986    244.473  0.000e+00
     7.5411    3.58990    243.866  0.000e+00
     7.5586    3.59149    243.294  0.000e+00
     7.5232    3.58786    242.723  0.000e+00
     7.4850    3.58300    242.116  0.000e+00
     7.4301    3.57749    241.580  0.000e+00
     7.4659    3.58149    241.080  0.000e+00
     7.4390    3.57784    240.580  0.000e+00
     7.2743    3.55951    240.116  0.000e+00
     7.2466    3.55677    239.687  0.000e+00
     7.2094    3.55270    239.259  0.000e+00
     7.1523    3.54712    238.830  0.000e+00
     7.1222    3.54336    238.366  0.000e+00
     7.1096    3.54257    238.009  0.000e+00
     7.0737    3.53855    237.545  0.000e+00
     7.0965    3.54002    237.080  0.000e+00
     7.0560    3.53646    236.652  0.000e+00
     7.1368    3.54495    236.223  0.000e+00
     7.1689    3.54879    235.866  0.000e+00
     7.3857    3.57145    235.438  0.000e+00
     7.4076    3.57301    235.045  0.000e+00
     7.3029    3.56212    234.723  0.000e+00
     7.2660    3.55864    234.330  0.000e+00
     7.2450    3.55592    233.973  0.000e+00
     7.2187    3.55310    233.723  0.000e+00
     7.2219    3.55333    233.473  0.000e+00
     7.2325    3.55425    233.366  0.000e+00
     7.2502    3.55591    233.295  0.000e+00
     7.2769    3.55989    233.223  0.000e+00
     7.2875    3.56081    233.116  0.000e+00
     7.3679    3.56841    233.081  0.000e+00
     7.3401    3.56611    233.045  0.000e+00
     7.3578    3.56604    232.973  0.000e+00
     7.3526    3.56763    233.045  0.000e+00
     7.3868    3.57101    233.009  0.000e+00
     7.4190    3.57460    232.973  0.000e+00
     7.4573    3.57835    232.866  0.000e+00
     7.5195    3.58582    232.795  0.000e+00
     7.5646    3.59107    232.723  0.000e+00
     7.5756    3.59175    232.616  0.000e+00
     7.5191    3.58580    232.581  0.000e+00
     7.5333    3.58789    232.581  0.000e+00
     7.5447    3.58884    232.652  0.000e+00
     7.4232    3.57667    232.616  0.000e+00
     7.3125    3.56387    232.652  0.000e+00
     7.3103    3.56434    232.795  0.000e+00
     7.3318    3.56525    232.902  0.000e+00
     7.2954    3.56127    233.009  0.000e+00
     7.2559    3.55716    233.045  0.000e+00
     7.2816    3.55972    232.902  0.000e+00
     7.3013    3.56196    232.902  0.000e+00
     7.2522    3.55647    232.866  0.000e+00
     7.2557    3.55679    232.831  0.000e+00
     7.2701    3.55853    232.688  0.000e+00
     7.3202    3.56469    232.438  0.000e+00
     7.3879    3.57111    232.116  0.000e+00
     7.2422    3.55670    231.974  0.000e+00
     7.2449    3.55801    231.795  0.000e+00
     7.1833    3.54929    231.581  0.000e+00
     7.2034    3.55209    231.438  0.000e+00
     7.2091    3.55237    231.331  0.000e+00
     7.2454    3.55576    231.188  0.000e+00
     7.2422    3.55564    231.081  0.000e+00
     7.2741    3.55857    230.974  0.000e+00
     7.2722    3.55906    230.759  0.000e+00
     7.3823    3.57001    230.616  0.000e+00
     7.4662    3.58033    230.509  0.000e+00
     7.3883    3.57114    230.402  0.000e+00
     7.3758    3.57019    230.438  0.000e+00
     7.4427    3.57865    230.402  0.000e+00
     7.4709    3.58020    230.402  0.000e+00
     7.3609    3.56887    230.331  0.000e+00
     7.4010    3.57303    230.188  0.000e+00
     7.4081    3.57362    230.152  0.000e+00
     7.4090    3.57426    230.081  0.000e+00
     7.4093    3.57413    230.117  0.000e+00
     7.4267    3.57506    230.009  0.000e+00
     7.3995    3.57892    229.974  0.000e+00
     7.7389    3.60921    229.902  0.000e+00
     7.7305    3.60914    229.867  0.000e+00
     7.7234    3.60882    229.902  0.000e+00
     7.7173    3.60792    229.938  0.000e+00
     7.7030    3.60689    230.009  0.000e+00
     7.6861    3.60583    230.081  0.000e+00
     7.6812    3.60432    230.045  0.000e+00
     7.6549    3.60151    229.974  0.000e+00
     7.5697    3.59304    229.938  0.000e+00
     7.5340    3.58820    229.795  0.000e+00
     7.5361    3.58846    229.759  0.000e+00
     7.5403    3.58880    229.652  0.000e+00
     7.5515    3.59015    229.617  0.000e+00
     7.5425    3.58916    229.545  0.000e+00
     7.5276    3.58775    229.474  0.000e+00
     7.5338    3.58826    229.474  0.000e+00
     7.5617    3.59136    229.367  0.000e+00
     7.5551    3.59106    229.367  0.000e+00
     7.5599    3.59089    229.295  0.000e+00
     7.5373    3.58890    229.259  0.000e+00
     7.5381    3.58886    229.295  0.000e+00
     7.5489    3.59022    229.367  0.000e+00
     7.5576    3.59117    229.438  0.000e+00
     7.6064    3.59771    229.474  0.000e+00
     7.6345    3.59975    229.509  0.000e+00
     7.7190    3.60327    229.545  0.000e+00
     7.6998    3.60749    229.652  0.000e+00
     7.6829    3.60480    229.688  0.000e+00
     7.6826    3.60489    229.688  0.000e+00
     7.6628    3.60284    229.688  0.000e+00
     7.6508    3.60142    229.652  0.000e+00
     7.6412    3.60037    229.545  0.000e+00
     7.6453    3.60092    229.474  0.000e+00
     7.5978    3.59627    229.402  0.000e+00
     7.6174    3.59697    229.331  0.000e+00
     7.5840    3.59479    229.224  0.000e+00
     7.6375    3.60005    229.081  0.000e+00
     7.5770    3.59496    229.009  0.000e+00
     7.5749    3.59360    228.938  0.000e+00
     7.5768    3.59387    228.831  0.000e+00
     7.5529    3.59183    228.795  0.000e+00
     7.5511    3.59132    228.759  0.000e+00
     7.5139    3.58744    228.688  0.000e+00
     7.5107    3.58658    228.617  0.000e+00
     7.4726    3.58309    228.509  0.000e+00
     7.4225    3.57804    228.402  0.000e+00
     7.4175    3.57651    228.260  0.000e+00
     7.3764    3.57234    228.117  0.000e+00
