tests/data/SBE37_12712_NISKINE.cnv
* Sea-Bird SBE37SM-RS232  Data File:
* FileName = C:\Users\mod\Desktop\NISKINe\SBE37\SBE37_12712_NISKINE.hex
* Software version SeatermV2 2.8.0.119
* Temperature SN = 12712
* Conductivity SN = 12712
* System UpLoad Time = Oct 11 2020 12:10:32
* sample interval = 100 seconds
* <ApplicationData>
# nquan = 6
# nvalues = 256106                                
# units = specified
# name 0 = timeJ: Julian Days
# name 1 = prdM: Pressure, Strain Gauge [db]
# name 2 = tv290C: Temperature [ITS-90, deg C]
# name 3 = cond0S/m: Conductivity [S/m]
# name 4 = sal00: Salinity, Practical [PSU]
# name 5 = flag:  0.000e+00
# span 0 = 135.000012, 431.417836                 
# span 1 =     -2.642,   2899.907                 
# span 2 =     2.3196,    31.4026                 
# span 3 =  -0.005216,   3.898104                 
# span 4 =     0.0000,    35.0795                 
# span 5 = 0.0000e+00, 0.0000e+00                 
# interval = seconds: 100
# start_time = May 15 2019 00:00:01 [Instrument's time stamp, first data scan]
# bad_flag = -9.990e-29
*END*
[from data line 1433]
 136.658576      0.057    21.5156   0.000017     0.0107  0.000e+00
 136.659734      0.057    21.5199   0.000017     0.0107  0.000e+00
 136.660891      0.057    21.5228   0.000017     0.0107  0.000e+00
 136.662049      0.036    21.5265   0.000017     0.0107  0.000e+00
 136.663206      0.100    21.5303   0.000017     0.0107  0.000e+00
 136.664363      0.093    21.5342   0.000017     0.0107  0.000e+00
 136.665521      0.014    21.5380   0.000017     0.0107  0.000e+00
 136.666678      0.036    21.5422   0.000017     0.0107  0.000e+00
 136.667836      0.014    21.5454   0.000017     0.0107  0.000e+00
 136.668993      0.021    21.5498   0.000017     0.0107  0.000e+00
 136.670150      0.029    21.5532   0.000017     0.0107  0.000e+00
 136.671308      0.072    21.5564   0.000014     0.0107  0.000e+00
 136.672465      0.050    21.5600   0.000017     0.0107  0.000e+00
 136.673623      0.093    21.5627   0.000017     0.0107  0.000e+00
 136.674780      0.115    21.5656   0.000017     0.0107  0.000e+00
 136.675938      0.021    21.5681   0.000017     0.0107  0.000e+00
 136.677095      0.072    21.5699   0.000017     0.0107  0.000e+00
 136.678252      0.029    21.5721   0.000017     0.0107  0.000e+00
 136.679410      0.050    21.5743   0.000017     0.0107  0.000e+00
 136.680567      0.043    21.5759   0.000014     0.0107  0.000e+00
 136.681725      0.093    21.5769   0.000017     0.0107  0.000e+00
 136.682882      0.021    21.5783   0.000017     0.0107  0.000e+00
 136.684039      0.043    21.5795   0.000017     0.0107  0.000e+00
 136.685197      0.093    21.5809   0.000017     0.0107  0.000e+00
 136.686354      0.086    21.5825   0.000017     0.0107  0.000e+00
 136.687512      0.064    21.5831   0.000014     0.0107  0.000e+00
 136.688669      0.093    21.5845   0.000020     0.0107  0.000e+00
 136.689826      0.043    21.5865   0.000017     0.0107  0.000e+00
 136.690984      0.086    21.5877   0.000017     0.0107  0.000e+00
 136.692141      0.050    21.5896   0.000017     0.0107  0.000e+00
 136.693299      0.043    21.5908   0.000017     0.0107  0.000e+00
 136.694456      0.064    21.5931   0.000017     0.0107  0.000e+00
 136.695613      0.043    21.5945   0.000014     0.0107  0.000e+00
 136.696771      0.043    21.5963   0.000017     0.0107  0.000e+00
 136.697928      0.100    21.5967   0.000017     0.0107  0.000e+00
 136.699086      0.064    21.5987   0.000017     0.0107  0.000e+00
 136.700243      0.086    21.5992   0.000017     0.0107  0.000e+00
 136.701400      0.079    21.6013   0.000017     0.0107  0.000e+00
 136.702558      0.036    21.6021   0.000017     0.0107  0.000e+00
 136.703715      0.064    21.6033   0.000017     0.0107  0.000e+00
 136.704873      0.079    21.6040   0.000017     0.0107  0.000e+00
 136.706030      0.057    21.6050   0.000017     0.0107  0.000e+00
 136.707188      0.086    21.6070   0.000017     0.0107  0.000e+00
 136.708345      0.043    21.6079   0.000017     0.0107  0.000e+00
 136.709502      0.064    21.6089   0.000017     0.0107  0.000e+00
 136.710660      0.079    21.6103   0.000017     0.0107  0.000e+00
 136.711817      0.100    21.6113   0.000017     0.0107  0.000e+00
 136.712975      0.036    21.6121   0.000017     0.0107  0.000e+00
 136.714132      0.057    21.6136   0.000017     0.0107  0.000e+00
 136.715289      0.100    21.6149   0.000017     0.0107  0.000e+00
 136.716447      0.036    21.6171   0.000017     0.0107  0.000e+00
 136.717604      0.057    21.6193   0.000017     0.0107  0.000e+00
 136.718762      0.079    21.6205   0.000017     0.0107  0.000e+00
 136.719919      0.079    21.6226   0.000017     0.0107  0.000e+00
 136.721076      0.100    21.6246   0.000017     0.0107  0.000e+00
 136.722234      0.100    21.6265   0.000017     0.0107  0.000e+00
 136.723391      0.100    21.6283   0.000017     0.0107  0.000e+00
 136.724549      0.071    21.6312   0.000017     0.0107  0.000e+00
 136.725706      0.057    21.6330   0.000017     0.0107  0.000e+00
 136.726863      0.114    21.6355   0.000017     0.0107  0.000e+00
 136.728021      0.143    21.6380   0.000017     0.0107  0.000e+00
 136.729178      0.114    21.6409   0.000017     0.0107  0.000e+00
 136.730336      0.079    21.6432   0.000017     0.0107  0.000e+00
 136.731493      0.100    21.6451   0.000017     0.0107  0.000e+00
 136.732650      0.050    21.6482   0.000017     0.0107  0.000e+00
 136.733808      0.071    21.6511   0.000017     0.0107  0.000e+00
 136.734965      0.122    21.6538   0.000017     0.0107  0.000e+00
 136.736123      0.050    21.6561   0.000017     0.0107  0.000e+00
 136.737280      0.114    21.6592   0.000017     0.0107  0.000e+00
 136.738438      0.071    21.6612   0.000017     0.0107  0.000e+00
 136.739595      0.071    21.6642   0.000017     0.0107  0.000e+00
 136.740752      0.093    21.6670   0.000014     0.0107  0.000e+00
 136.741910      0.114    21.6692   0.000014     0.0107  0.000e+00
 136.743067      0.050    21.6715   0.000017     0.0107  0.000e+00
 136.744225      0.028    21.6744   0.000017     0.0107  0.000e+00
 136.745382      0.071    21.6773   0.000017     0.0107  0.000e+00
 136.746539      0.050    21.6801   0.000017     0.0107  0.000e+00
 136.747697      0.107    21.6819   0.000017     0.0107  0.000e+00
 136.748854      0.093    21.6844   0.000017     0.0107  0.000e+00
 136.750012      0.093    21.6873   0.000014     0.0107  0.000e+00
 136.751169      0.093    21.6893   0.000017     0.0107  0.000e+00
 136.752326      0.107    21.6920   0.000014     0.0108  0.000e+00
 136.753484      0.042    21.6945   0.000017     0.0107  0.000e+00
 136.754641      0.071    21.6964   0.000017     0.0107  0.000e+00
 136.755799      0.042    21.6991   0.000014     0.0108  0.000e+00
 136.756956      0.071    21.7018   0.000017     0.0107  0.000e+00
 136.758113      0.050    21.7044   0.000017     0.0107  0.000e+00
 136.759271      0.093    21.7070   0.000017     0.0107  0.000e+00
 136.760428      0.050    21.7101   0.000017     0.0107  0.000e+00
 136.761586      0.086    21.7134   0.000017     0.0107  0.000e+00
 136.762743      0.086    21.7158   0.000014     0.0108  0.000e+00
 136.763900      0.100    21.7196   0.000017     0.0107  0.000e+00
 136.765058      0.086    21.7225   0.000017     0.0107  0.000e+00
 136.766215      0.107    21.7263   0.000017     0.0107  0.000e+00
 136.767373      0.050    21.7289   0.000017     0.0107  0.000e+00
 136.768530      0.129    21.7316   0.000017     0.0107  0.000e+00
 136.769688      0.100    21.7344   0.000017     0.0107  0.000e+00
 136.770845      0.078    21.7374   0.000017     0.0107  0.000e+00
 136.772002      0.064    21.7397   0.000017     0.0108  0.000e+00
 136.773160      0.057    21.7421   0.000017     0.0108  0.000e+00
 136.774317      0.042    21.7453   0.000017     0.0108  0.000e+00
 136.775475      0.057    21.7475   0.000017     0.0108  0.000e+00
 136.776632      0.064    21.7497   0.000017     0.0108  0.000e+00
 136.777789      0.100    21.7519   0.000017     0.0108  0.000e+00
 136.778947      0.100    21.7549   0.000017     0.0108  0.000e+00
 136.780104      0.107    21.7560   0.000017     0.0108  0.000e+00
 136.781262      0.100    21.7596   0.000017     0.0108  0.000e+00
 136.782419      0.078    21.7612   0.000017     0.0108  0.000e+00
 136.783576      0.100    21.7640   0.000017     0.0108  0.000e+00
 136.784734      0.100    21.7660   0.000017     0.0108  0.000e+00
 136.785891      0.078    21.7684   0.000017     0.0108  0.000e+00
 136.787049      0.071    21.7696   0.000017     0.0108  0.000e+00
 136.788206      0.121    21.7714   0.000017     0.0108  0.000e+00
 136.789363      0.121    21.7732   0.000017     0.0108  0.000e+00
 136.790521      0.057    21.7739   0.000017     0.0108  0.000e+00
 136.791678      0.057    21.7748   0.000017     0.0108  0.000e+00
 136.792836      0.078    21.7758   0.000017     0.0108  0.000e+00
 136.793993      0.121    21.7762   0.000017     0.0108  0.000e+00
 136.795150      0.143    21.7771   0.000017     0.0108  0.000e+00
 136.796308      0.092    21.7782   0.000017     0.0108  0.000e+00
 136.797465     -0.008    21.7779   0.000017     0.0108  0.000e+00
 136.798623      0.121    21.7794   0.000017     0.0108  0.000e+00
 136.799780      0.121    21.7806   0.000017     0.0108  0.000e+00
 136.800938      0.057    21.7812   0.000017     0.0108  0.000e+00
 136.802095      0.092    21.7814   0.000017     0.0108  0.000e+00
 136.803252      0.092    21.7826   0.000017     0.0108  0.000e+00
 136.804410      0.135    21.7833   0.000017     0.0108  0.000e+00
 136.805567      0.071    21.7836   0.000017     0.0108  0.000e+00
 136.806725      0.100    21.7841   0.000017     0.0108  0.000e+00
 136.807882      0.100    21.7856   0.000017     0.0108  0.000e+00
 136.809039      0.100    21.7856   0.000017     0.0108  0.000e+00
 136.810197      0.100    21.7869   0.000017     0.0108  0.000e+00
 136.811354      0.078    21.7874   0.000017     0.0108  0.000e+00
 136.812512      0.135    21.7874   0.000017     0.0108  0.000e+00
 136.813669      0.049    21.7878   0.000014     0.0108  0.000e+00
 136.814826      0.092    21.7888   0.000014     0.0108  0.000e+00
 136.815984      0.121    21.7896   0.000014     0.0108  0.000e+00
 136.817141      0.149    21.7897   0.000017     0.0108  0.000e+00
 136.818299      0.049    21.7901   0.000017     0.0108  0.000e+00
 136.819456      0.121    21.7906   0.000014     0.0108  0.000e+00
 136.820613      0.114    21.7912   0.000014     0.0108  0.000e+00
 136.821771      0.114    21.7914   0.000014     0.0108  0.000e+00
 136.822928      0.092    21.7922   0.000017     0.0108  0.000e+00
 136.824086      0.092    21.7923   0.000017     0.0108  0.000e+00
 136.825243      0.106    21.7935   0.000017     0.0108  0.000e+00
 136.826400      0.092    21.7940   0.000017     0.0108  0.000e+00
 136.827558      0.071    21.7941   0.000017     0.0108  0.000e+00
 136.828715      0.114    21.7950   0.000017     0.0108  0.000e+00
 136.829873      0.042    21.7951   0.000017     0.0108  0.000e+00
 136.831030      0.028    21.7958   0.000017     0.0108  0.000e+00
 136.832188      0.114    21.7965   0.000017     0.0108  0.000e+00
 136.833345      0.049    21.7971   0.000017     0.0108  0.000e+00
 136.834502      0.128    21.7975   0.000017     0.0108  0.000e+00
 136.835660      0.135    21.7977   0.000017     0.0108  0.000e+00
 136.836817      0.071    21.7992   0.000017     0.0108  0.000e+00
 136.837975      0.114    21.8001   0.000017     0.0108  0.000e+00
 136.839132      0.092    21.8009   0.000017     0.0108  0.000e+00
 136.840289      0.085    21.8012   0.000017     0.0108  0.000e+00
 136.841447      0.092    21.8020   0.000014     0.0108  0.000e+00
 136.842604      0.085    21.8034   0.000017     0.0108  0.000e+00
 136.843762      0.157    21.8032   0.000017     0.0108  0.000e+00
 136.844919      0.085    21.8045   0.000017     0.0108  0.000e+00
 136.846076      0.142    21.8054   0.000017     0.0108  0.000e+00
 136.847234      0.071    21.8060   0.000017     0.0108  0.000e+00
 136.848391      0.114    21.8067   0.000017     0.0108  0.000e+00
 136.849549      0.085    21.8071   0.000017     0.0108  0.000e+00
 136.850706      0.106    21.8080   0.000017     0.0108  0.000e+00
 136.851863      0.071    21.8093   0.000017     0.0108  0.000e+00
 136.853021      0.085    21.8100   0.000017     0.0108  0.000e+00
 136.854178      0.106    21.8107   0.000014     0.0108  0.000e+00
 136.855336      0.063    21.8112   0.000017     0.0108  0.000e+00
 136.856493      0.106    21.8123   0.000017     0.0108  0.000e+00
 136.857650      0.106    21.8129   0.000014     0.0108  0.000e+00
 136.858808      0.106    21.8139   0.000017     0.0108  0.000e+00
 136.859965      0.106    21.8148   0.000017     0.0108  0.000e+00
 136.861123      0.063    21.8157   0.000017     0.0108  0.000e+00
 136.862280      0.106    21.8166   0.000017     0.0108  0.000e+00
 136.863438      0.149    21.8169   0.000017     0.0108  0.000e+00
 136.864595      0.085    21.8182   0.000017     0.0108  0.000e+00
 136.865752      0.085    21.8185   0.000017     0.0108  0.000e+00
 136.866910      0.128    21.8194   0.000017     0.0108  0.000e+00
 136.868067      0.128    21.8197   0.000017     0.0108  0.000e+00
 136.869225      0.149    21.8209   0.000014     0.0108  0.000e+00
 136.870382      0.128    21.8215   0.000017     0.0108  0.000e+00
 136.871539      0.120    21.8227   0.000017     0.0108  0.000e+00
 136.872697      0.106    21.8226   0.000017     0.0108  0.000e+00
 136.873854      0.099    21.8238   0.000014     0.0108  0.000e+00
 136.875012      0.063    21.8244   0.000017     0.0108  0.000e+00
 136.876169      0.128    21.8254   0.000017     0.0108  0.000e+00
 136.877326      0.085    21.8255   0.000017     0.0108  0.000e+00
 136.878484      0.106    21.8263   0.000017     0.0108  0.000e+00
 136.879641      0.085    21.8271   0.000017     0.0108  0.000e+00
 136.880799      0.056    21.8273   0.000017     0.0108  0.000e+00
 136.881956      0.099    21.8283   0.000017     0.0108  0.000e+00
 136.883113      0.135    21.8288   0.000017     0.0108  0.000e+00
 136.884271      0.106    21.8290   0.000017     0.0108  0.000e+00
 136.885428      0.171    21.8295   0.000017     0.0108  0.000e+00
 136.886586      0.106    21.8300   0.000017     0.0108  0.000e+00
 136.887743      0.085    21.8304   0.000017     0.0108  0.000e+00
 136.888900      0.085    21.8314   0.000014     0.0108  0.000e+00
 136.890058      0.149    21.8317   0.000017     0.0108  0.000e+00
 136.891215      0.106    21.8320   0.000017     0.0108  0.000e+00
 136.892373      0.099    21.8323   0.000017     0.0108  0.000e+00
 136.893530      0.077    21.8326   0.000017     0.0108  0.000e+00
 136.894688      0.077    21.8328   0.000017     0.0108  0.000e+00
 136.895845      0.106    21.8335   0.000017     0.0108  0.000e+00
 136.897002      0.128    21.8341   0.000017     0.0108  0.000e+00
 136.898160      0.099    21.8344   0.000017     0.0108  0.000e+00
 136.899317      0.142    21.8359   0.000017     0.0108  0.000e+00
 136.900475      0.099    21.8377   0.000017     0.0108  0.000e+00
 136.901632      0.128    21.8398   0.000017     0.0108  0.000e+00
 136.902789      0.149    21.8402   0.000017     0.0108  0.000e+00
 136.903947      0.149    21.8426   0.000017     0.0108  0.000e+00
 136.905104      0.056    21.8442   0.000017     0.0108  0.000e+00
 136.906262      0.106    21.8450   0.000017     0.0108  0.000e+00
 136.907419      0.142    21.8466   0.000017     0.0108  0.000e+00
 136.908576      0.120    21.8477   0.000017     0.0108  0.000e+00
 136.909734      0.056    21.8488   0.000014     0.0108  0.000e+00
 136.910891      0.149    21.8500   0.000017     0.0108  0.000e+00
 136.912049      0.106    21.8507   0.000017     0.0108  0.000e+00
 136.913206      0.120    21.8516   0.000017     0.0108  0.000e+00
 136.914363      0.128    21.8526   0.000014     0.0108  0.000e+00
 136.915521      0.099    21.8536   0.000017     0.0108  0.000e+00
 136.916678      0.077    21.8537   0.000017     0.0108  0.000e+00
 136.917836      0.142    21.8537   0.000017     0.0108  0.000e+00
 136.918993      0.034    21.8542   0.000017     0.0108  0.000e+00
 136.920150      0.077    21.8545   0.000017     0.0108  0.000e+00
 136.921308      0.070    21.8548   0.000014     0.0108  0.000e+00
 136.922465      0.099    21.8558   0.000017     0.0108  0.000e+00
 136.923623      0.120    21.8561   0.000017     0.0108  0.000e+00
 136.924780      0.056    21.8562   0.000017     0.0108  0.000e+00
 136.925938      0.142    21.8570   0.000017     0.0108  0.000e+00
 136.927095      0.077    21.8572   0.000017     0.0108  0.000e+00
 136.928252      0.085    21.8575   0.000017     0.0108  0.000e+00
 136.929410      0.099    21.8579   0.000017     0.0108  0.000e+00
 136.930567      0.120    21.8580   0.000017     0.0108  0.000e+00
 136.931725      0.149    21.8584   0.000014     0.0108  0.000e+00
 136.932882      0.099    21.8577   0.000017     0.0108  0.000e+00
