tests/data/SBE37_2864_NISKINE.cnv
* Sea-Bird SBE37 Data File:
* FileName = C:\Users\mod\Desktop\NISKINe\SBE37\SBE37_2864_NISKINE.asc
* Software Version 1.59
* Temperature SN = 2864
* Conductivity SN = 2864
* System UpLoad Time = Oct 10 2020 23:40:32
* ds
* SBE37-SM V 2.6b  SERIAL NO. 2864    10 Oct 2020  23:41:37
# nquan = 4
# nvalues =   185394
# units = metric
# name 0 = t090: temperature, ITS-90 [deg C]
# name 1 = c0S/m: conductivity [S/m]
# name 2 = pr: pressure [db]
# name 3 = flag:  0.000e+00
# span 0 = 6.2859, 31.9217            
# span 1 = -0.00007, 3.89971          
# span 2 = -0.831, 658.229            
# span 3 = 0.000e+00, 0.000e+00       
# interval = seconds: 240
# start_time = May 15 2019 00:00:01
# bad_flag = -9.990e-29
*END*
[from data line 712]
    17.0360   -0.00005     -0.153  0.000e+00
    17.0440   -0.00005     -0.117  0.000e+00
    17.0532   -0.00004     -0.153  0.000e+00
    17.0635   -0.00005     -0.117  0.000e+00
    17.0751   -0.00004     -0.153  0.000e+00
    17.0876   -0.00005     -0.117  0.000e+00
    17.1006   -0.00004     -0.117  0.000e+00
    17.1150   -0.00005     -0.153  0.000e+00
    17.1298   -0.00005     -0.153  0.000e+00
    17.1461   -0.00004     -0.153  0.000e+00
    17.1625   -0.00004     -0.153  0.000e+00
    17.1797   -0.00005     -0.153  0.000e+00
    17.1976   -0.00005     -0.117  0.000e+00
    17.2163   -0.00005     -0.153  0.000e+00
    17.2355   -0.00005     -0.153  0.000e+00
    17.2547   -0.00005     -0.153  0.000e+00
    17.2748   -0.00005     -0.153  0.000e+00
    17.2949   -0.00005     -0.153  0.000e+00
    17.3157   -0.00005     -0.153  0.000e+00
    17.3365   -0.00005     -0.117  0.000e+00
    17.3575   -0.00005     -0.153  0.000e+00
    17.3785   -0.00005     -0.153  0.000e+00
    17.4001   -0.00005     -0.153  0.000e+00
    17.4220   -0.00005     -0.153  0.000e+00
    17.4434   -0.00005     -0.153  0.000e+00
    17.4648   -0.00005     -0.153  0.000e+00
    17.4861   -0.00005     -0.153  0.000e+00
    17.5080   -0.00005     -0.117  0.000e+00
    17.5296   -0.00005     -0.153  0.000e+00
    17.5513   -0.00005     -0.153  0.000e+00
    17.5730   -0.00005     -0.153  0.000e+00
    17.5951   -0.00005     -0.153  0.000e+00
    17.6168   -0.00005     -0.153  0.000e+00
    17.6397   -0.00005     -0.153  0.000e+00
    17.6613   -0.00005     -0.153  0.000e+00
    17.6837   -0.00005     -0.153  0.000e+00
    17.7056   -0.00005     -0.153  0.000e+00
    17.7282   -0.00005     -0.153  0.000e+00
    17.7503   -0.00005     -0.153  0.000e+00
    17.7723   -0.00005     -0.153  0.000e+00
    17.7948   -0.00005     -0.153  0.000e+00
    17.8175   -0.00005     -0.153  0.000e+00
    17.8393   -0.00005     -0.153  0.000e+00
    17.8614   -0.00005     -0.153  0.000e+00
    17.8832   -0.00005     -0.153  0.000e+00
    17.9053   -0.00005     -0.153  0.000e+00
    17.9270   -0.00005     -0.153  0.000e+00
    17.9483   -0.00005     -0.153  0.000e+00
    17.9697   -0.00005     -0.153  0.000e+00
    17.9908   -0.00005     -0.153  0.000e+00
    18.0118   -0.00005     -0.153  0.000e+00
    18.0320   -0.00005     -0.153  0.000e+00
    18.0525   -0.00005     -0.153  0.000e+00
    18.0733   -0.00005     -0.153  0.000e+00
    18.0938   -0.00005     -0.153  0.000e+00
    18.1131   -0.00005     -0.153  0.000e+00
    18.1330   -0.00005     -0.153  0.000e+00
    18.1527   -0.00005     -0.153  0.000e+00
    18.1721   -0.00005     -0.153  0.000e+00
    18.1914   -0.00005     -0.153  0.000e+00
    18.2113   -0.00005     -0.153  0.000e+00
    18.2302   -0.00005     -0.153  0.000e+00
    18.2490   -0.00005     -0.153  0.000e+00
    18.2680   -0.00005     -0.153  0.000e+00
    18.2863   -0.00005     -0.153  0.000e+00
    18.3057   -0.00005     -0.153  0.000e+00
    18.3239   -0.00005     -0.153  0.000e+00
    18.3420   -0.00005     -0.153  0.000e+00
    18.3598   -0.00005     -0.153  0.000e+00
    18.3777   -0.00005     -0.153  0.000e+00
    18.3957   -0.00006     -0.153  0.000e+00
    18.4132   -0.00005     -0.153  0.000e+00
    18.4303   -0.00005     -0.153  0.000e+00
    18.4471   -0.00005     -0.153  0.000e+00
    18.4647   -0.00005     -0.153  0.000e+00
    18.4816   -0.00005     -0.153  0.000e+00
    18.4977   -0.00005     -0.153  0.000e+00
    18.5143   -0.00005     -0.153  0.000e+00
    18.5315   -0.00005     -0.153  0.000e+00
    18.5476   -0.00005     -0.153  0.000e+00
    18.5642   -0.00005     -0.153  0.000e+00
    18.5804   -0.00005     -0.153  0.000e+00
    18.5969   -0.00005     -0.153  0.000e+00
    18.6122   -0.00005     -0.153  0.000e+00
    18.6282   -0.00005     -0.153  0.000e+00
    18.6436   -0.00006     -0.153  0.000e+00
    18.6591   -0.00006     -0.153  0.000e+00
    18.6747   -0.00006     -0.153  0.000e+00
    18.6897   -0.00005     -0.153  0.000e+00
    18.7046   -0.00005     -0.153  0.000e+00
    18.7196   -0.00005     -0.153  0.000e+00
    18.7342   -0.00005     -0.153  0.000e+00
    18.7487   -0.00005     -0.153  0.000e+00
    18.7635   -0.00005     -0.153  0.000e+00
    18.7782   -0.00005     -0.153  0.000e+00
    18.7918   -0.00006     -0.153  0.000e+00
    18.8057   -0.00005     -0.153  0.000e+00
    18.8201   -0.00005     -0.153  0.000e+00
    18.8341   -0.00005     -0.153  0.000e+00
    18.8477   -0.00005     -0.153  0.000e+00
    18.8605   -0.00005     -0.153  0.000e+00
    18.8746   -0.00005     -0.153  0.000e+00
    18.8877   -0.00005     -0.153  0.000e+00
    18.9007   -0.00005     -0.153  0.000e+00
    18.9139   -0.00005     -0.153  0.000e+00
    18.9264   -0.00005     -0.153  0.000e+00
    18.9389   -0.00005     -0.153  0.000e+00
    18.9518   -0.00006     -0.153  0.000e+00
    18.9643   -0.00006     -0.153  0.000e+00
    18.9767   -0.00006     -0.153  0.000e+00
    18.9892   -0.00005     -0.153  0.000e+00
    19.0015   -0.00005     -0.153  0.000e+00
    19.0138   -0.00005     -0.153  0.000e+00
    19.0256   -0.00005     -0.153  0.000e+00
    19.0383   -0.00005     -0.153  0.000e+00
    19.0496   -0.00006     -0.153  0.000e+00
    19.1624   -0.00006     -0.153  0.000e+00
    19.2372   -0.00006     -0.153  0.000e+00
    19.2715   -0.00006     -0.153  0.000e+00
    19.3293   -0.00006     -0.153  0.000e+00
    19.3480   -0.00006     -0.153  0.000e+00
    19.3685   -0.00006     -0.153  0.000e+00
    19.4131   -0.00006     -0.153  0.000e+00
    19.4637   -0.00006     -0.153  0.000e+00
    19.4965   -0.00006     -0.153  0.000e+00
    19.5625   -0.00006     -0.153  0.000e+00
    19.5911   -0.00006     -0.153  0.000e+00
    19.6221   -0.00006     -0.153  0.000e+00
    19.6217   -0.00006     -0.153  0.000e+00
    19.6745   -0.00006     -0.153  0.000e+00
    19.6956   -0.00006     -0.153  0.000e+00
    19.6922   -0.00006     -0.153  0.000e+00
    19.5948   -0.00006     -0.153  0.000e+00
    19.5357   -0.00006     -0.153  0.000e+00
    19.6181   -0.00006     -0.153  0.000e+00
    19.6933   -0.00006     -0.153  0.000e+00
    19.6855   -0.00006     -0.153  0.000e+00
    19.6555   -0.00006     -0.153  0.000e+00
    19.7581   -0.00006     -0.153  0.000e+00
    19.7977   -0.00006     -0.153  0.000e+00
    19.7615   -0.00006     -0.153  0.000e+00
    19.7964   -0.00006     -0.153  0.000e+00
    19.8718   -0.00006     -0.153  0.000e+00
    19.8774   -0.00006     -0.153  0.000e+00
    19.8976   -0.00006     -0.153  0.000e+00
    19.9184   -0.00006     -0.153  0.000e+00
    19.9275   -0.00006     -0.153  0.000e+00
    19.9336   -0.00006     -0.153  0.000e+00
    19.9759   -0.00006     -0.153  0.000e+00
    20.0057   -0.00006     -0.153  0.000e+00
    20.0145   -0.00006     -0.153  0.000e+00
    20.0270   -0.00006     -0.153  0.000e+00
    19.9709   -0.00006     -0.153  0.000e+00
    20.0522   -0.00006     -0.153  0.000e+00
    20.0913   -0.00006     -0.153  0.000e+00
    20.0810   -0.00006     -0.153  0.000e+00
    20.1357   -0.00006     -0.153  0.000e+00
    20.1561   -0.00006     -0.153  0.000e+00
    20.1755   -0.00006     -0.153  0.000e+00
    20.1999   -0.00006     -0.153  0.000e+00
    20.2212   -0.00006     -0.153  0.000e+00
    19.1914   -0.00005     -0.117  0.000e+00
    13.7718    0.00001     -0.153  0.000e+00
     8.7257    3.67919     -0.367  0.000e+00
     8.7211    3.68092      2.847  0.000e+00
     8.7081    3.68014      5.668  0.000e+00
     8.6705    3.67792     11.596  0.000e+00
     8.6902    3.67876      8.882  0.000e+00
     8.6675    3.67715     12.311  0.000e+00
     8.6636    3.67786     21.203  0.000e+00
     8.6112    3.67461     25.881  0.000e+00
     8.5047    3.66704     34.666  0.000e+00
     8.5733    3.67260     27.738  0.000e+00
     8.4657    3.66267     36.380  0.000e+00
     8.4057    3.65726     42.737  0.000e+00
     8.4153    3.65814     40.416  0.000e+00
     8.3683    3.65369     51.451  0.000e+00
     8.3744    3.65440     52.236  0.000e+00
     8.3758    3.65479     55.343  0.000e+00
     8.3700    3.65401     55.058  0.000e+00
     8.3715    3.65406     53.665  0.000e+00
     8.3738    3.65402     51.736  0.000e+00
     8.3812    3.65491     50.308  0.000e+00
     8.3672    3.65396     58.629  0.000e+00
     8.3909    3.65652     56.236  0.000e+00
     8.3946    3.65692     58.236  0.000e+00
     8.3886    3.65651     58.164  0.000e+00
     8.4203    3.65995     58.986  0.000e+00
     8.4208    3.66009     59.629  0.000e+00
     8.4224    3.66025     57.664  0.000e+00
     8.4263    3.66059     55.129  0.000e+00
     8.4306    3.66077     52.951  0.000e+00
     8.4414    3.66209     53.236  0.000e+00
     8.4106    3.65927     58.807  0.000e+00
     8.3989    3.65780     57.307  0.000e+00
     8.3854    3.65627     57.450  0.000e+00
     8.3533    3.65280     58.664  0.000e+00
     8.3391    3.65126     59.093  0.000e+00
     8.3231    3.64851     59.272  0.000e+00
     8.3016    3.64646     58.450  0.000e+00
     8.2927    3.64497     56.129  0.000e+00
     8.2580    3.64172     57.986  0.000e+00
     8.2571    3.64158     58.522  0.000e+00
     8.2514    3.64055     56.093  0.000e+00
     8.2952    3.64600     57.022  0.000e+00
     8.2817    3.64497     54.272  0.000e+00
     8.3043    3.64636     51.165  0.000e+00
     8.3610    3.65273     52.379  0.000e+00
     8.3795    3.65523     51.272  0.000e+00
     8.3817    3.65545     50.701  0.000e+00
     8.3830    3.65507     50.879  0.000e+00
     8.3847    3.65545     51.522  0.000e+00
     8.3839    3.65568     50.951  0.000e+00
     8.3824    3.65540     50.094  0.000e+00
     8.3741    3.65470     50.415  0.000e+00
     8.3775    3.65527     50.772  0.000e+00
     8.3845    3.65623     50.344  0.000e+00
     8.3903    3.65692     50.129  0.000e+00
     8.3831    3.65656     49.808  0.000e+00
     8.3829    3.65652     49.915  0.000e+00
     8.4023    3.65863     49.415  0.000e+00
     8.4183    3.65998     49.451  0.000e+00
     8.4205    3.66034     50.201  0.000e+00
     8.4321    3.66036     36.595  0.000e+00
     8.4914    3.66533     30.488  0.000e+00
     8.4323    3.65991     36.666  0.000e+00
     8.1772    3.63938     75.020  0.000e+00
     7.7980    3.60774    120.374  0.000e+00
     7.6066    3.59451    181.299  0.000e+00
     7.2737    3.56709    270.185  0.000e+00
     7.3820    3.57649    251.972  0.000e+00
     7.4230    3.58049    253.329  0.000e+00
     7.3698    3.57602    256.650  0.000e+00
     7.3595    3.57523    260.150  0.000e+00
     7.3547    3.57488    263.543  0.000e+00
     7.3543    3.57518    266.721  0.000e+00
     7.3968    3.57991    269.757  0.000e+00
     7.3177    3.57202    272.578  0.000e+00
     7.2738    3.56770    275.185  0.000e+00
     7.2624    3.56665    277.685  0.000e+00
     7.2572    3.56602    280.041  0.000e+00
     7.2910    3.57005    282.220  0.000e+00
     7.2939    3.57015    284.077  0.000e+00
     7.2826    3.56927    285.720  0.000e+00
     7.3041    3.57094    287.255  0.000e+00
     7.2794    3.56891    288.612  0.000e+00
     7.2652    3.56752    289.898  0.000e+00
     7.2521    3.56627    290.969  0.000e+00
     7.2511    3.56620    291.862  0.000e+00
     7.2820    3.56906    292.719  0.000e+00
     7.2331    3.56461    293.576  0.000e+00
     7.2334    3.56442    294.433  0.000e+00
     7.2139    3.56266    295.505  0.000e+00
     7.2037    3.56161    296.469  0.000e+00
     7.1986    3.56118    297.290  0.000e+00
     7.1964    3.56118    297.969  0.000e+00
     7.1925    3.56069    298.826  0.000e+00
     7.1947    3.56096    299.576  0.000e+00
     7.1803    3.55979    300.397  0.000e+00
     7.1766    3.55934    301.040  0.000e+00
     7.1797    3.55963    301.647  0.000e+00
     7.1792    3.55966    302.361  0.000e+00
     7.1837    3.56009    302.861  0.000e+00
     7.1891    3.56063    303.290  0.000e+00
     7.1815    3.55998    303.576  0.000e+00
     7.1964    3.56142    303.861  0.000e+00
     7.1968    3.56144    304.183  0.000e+00
     7.1917    3.56090    304.504  0.000e+00
     7.1908    3.56078    304.468  0.000e+00
     7.1920    3.56097    304.540  0.000e+00
     7.1987    3.56159    304.611  0.000e+00
     7.1884    3.56070    304.683  0.000e+00
     7.1820    3.56018    304.540  0.000e+00
     7.1938    3.56119    304.397  0.000e+00
     7.1947    3.56123    304.183  0.000e+00
     7.1994    3.56168    304.111  0.000e+00
     7.1977    3.56138    304.040  0.000e+00
     7.1896    3.56069    303.933  0.000e+00
     7.1975    3.56129    303.826  0.000e+00
     7.1933    3.56092    303.790  0.000e+00
     7.1772    3.55948    303.468  0.000e+00
     7.1931    3.56080    303.361  0.000e+00
     7.2048    3.56197    303.290  0.000e+00
     7.2110    3.56253    303.361  0.000e+00
     7.2237    3.56373    303.576  0.000e+00
     7.2203    3.56344    303.933  0.000e+00
     7.2180    3.56310    304.183  0.000e+00
     7.1971    3.56120    304.468  0.000e+00
     7.1937    3.56094    304.683  0.000e+00
     7.1772    3.55956    304.897  0.000e+00
     7.1820    3.55796    305.111  0.000e+00
     7.1115    3.55207    305.254  0.000e+00
     7.0296    3.54182    305.290  0.000e+00
     6.8874    3.52751    305.468  0.000e+00
     6.8344    3.52193    305.611  0.000e+00
     6.8167    3.51910    305.754  0.000e+00
     6.8542    3.52324    306.004  0.000e+00
     6.7807    3.51562    306.004  0.000e+00
     6.7744    3.51481    306.075  0.000e+00
     6.8325    3.52069    306.182  0.000e+00
     6.8349    3.52080    306.504  0.000e+00
     6.7227    3.50917    306.790  0.000e+00
     6.6983    3.50629    306.968  0.000e+00
     6.7091    3.50787    307.182  0.000e+00
     6.8118    3.51817    307.254  0.000e+00
     6.9038    3.52841    307.432  0.000e+00
     6.8219    3.52047    307.611  0.000e+00
     6.7708    3.51493    307.754  0.000e+00
     6.7534    3.51229    307.682  0.000e+00
     6.7676    3.51378    307.647  0.000e+00
     6.7544    3.51260    307.790  0.000e+00
     6.8185    3.51920    307.861  0.000e+00
     6.9122    3.52975    308.040  0.000e+00
     7.0605    3.54574    308.254  0.000e+00
     7.0901    3.54834    308.611  0.000e+00
     7.0996    3.54938    309.004  0.000e+00
     7.0685    3.54636    309.325  0.000e+00
     7.0499    3.54424    309.504  0.000e+00
     7.0430    3.54368    309.575  0.000e+00
     7.0369    3.54282    309.718  0.000e+00
     7.0619    3.54547    309.968  0.000e+00
     7.0266    3.54146    310.254  0.000e+00
     6.9813    3.53721    310.539  0.000e+00
     7.0118    3.54028    310.789  0.000e+00
     7.0503    3.54415    310.932  0.000e+00
     6.9965    3.53877    310.932  0.000e+00
     6.8553    3.52274    311.254  0.000e+00
     6.8828    3.52533    311.539  0.000e+00
     6.8872    3.52696    311.896  0.000e+00
     6.9114    3.52888    312.254  0.000e+00
     6.8909    3.52698    312.611  0.000e+00
     6.9796    3.53699    313.003  0.000e+00
     7.0765    3.54706    313.503  0.000e+00
     6.9617    3.53545    313.825  0.000e+00
     6.9294    3.53069    314.289  0.000e+00
     6.8948    3.52792    314.718  0.000e+00
     6.9232    3.53104    315.218  0.000e+00
     6.9274    3.53132    315.575  0.000e+00
     6.9064    3.52902    315.896  0.000e+00
     6.9248    3.53141    316.110  0.000e+00
     6.9627    3.53504    316.253  0.000e+00
     6.9114    3.53016    316.432  0.000e+00
     6.8862    3.52766    316.467  0.000e+00
     6.8885    3.52878    316.575  0.000e+00
     6.8898    3.52829    316.646  0.000e+00
     6.8777    3.52663    316.682  0.000e+00
     6.9008    3.52884    316.932  0.000e+00
     6.9035    3.52957    317.253  0.000e+00
     6.8694    3.52548    317.467  0.000e+00
     6.8395    3.52163    317.539  0.000e+00
     6.7992    3.51762    317.503  0.000e+00
     6.7912    3.51687    317.432  0.000e+00
     6.8481    3.52299    317.253  0.000e+00
     6.9204    3.52994    317.075  0.000e+00
