tests/data/SBE37_12712_NISKINE.cnv
* Sea-Bird SBE37SM-RS232  Data File:
* FileName = C:\Users\mod\Desktop\NISKINe\SBE37\SBE37_12712_NISKINE.hex
* Software version SeatermV2 2.8.0.119
* Temperature SN = 12712
* Conductivity SN = 12712
* System UpLoad Time = Oct 11 2020 12:10:32
* sample interval = 100 seconds
* <ApplicationData>
# nquan = 6
# nvalues = 256106                                
# units = specified
# name 0 = timeJ: Julian Days
# name 1 = prdM: Pressure, Strain Gauge [db]
# name 2 = tv290C: Temperature [ITS-90, deg C]
# name 3 = cond0S/m: Conductivity [S/m]
# name 4 = sal00: Salinity, Practical [PSU]
# name 5 = flag:  0.000e+00
# span 0 = 135.000012, 431.417836                 
# span 1 =     -2.642,   2899.907                 
# span 2 =     2.3196,    31.4026                 
# span 3 =  -0.005216,   3.898104                 
# span 4 =     0.0000,    35.0795                 
# span 5 = 0.0000e+00, 0.0000e+00                 
# interval = seconds: 100
# start_time = May 15 2019 00:00:01 [Instrument's time stamp, first data scan]
# bad_flag = -9.990e-29
*END*
[from data line 717]
 135.829873      0.121    21.8986   0.000017     0.0108  0.000e+00
 135.831030      0.057    21.9011   0.000017     0.0108  0.000e+00
 135.832188      0.100    21.9046   0.000017     0.0108  0.000e+00
 135.833345      0.143    21.9075   0.000017     0.0108  0.000e+00
 135.834502      0.092    21.9104   0.000014     0.0108  0.000e+00
 135.835660      0.092    21.9140   0.000017     0.0108  0.000e+00
 135.836817      0.100    21.9163   0.000017     0.0108  0.000e+00
 135.837975      0.143    21.9193   0.000017     0.0108  0.000e+00
 135.839132      0.100    21.9221   0.000017     0.0108  0.000e+00
 135.840289      0.157    21.9249   0.000017     0.0108  0.000e+00
 135.841447      0.164    21.9273   0.000017     0.0108  0.000e+00
 135.842604      0.092    21.9295   0.000017     0.0108  0.000e+00
 135.843762      0.143    21.9314   0.000017     0.0108  0.000e+00
 135.844919      0.200    21.9335   0.000017     0.0108  0.000e+00
 135.846076      0.135    21.9361   0.000017     0.0108  0.000e+00
 135.847234      0.135    21.9383   0.000017     0.0108  0.000e+00
 135.848391      0.143    21.9397   0.000020     0.0108  0.000e+00
 135.849549      0.092    21.9417   0.000017     0.0108  0.000e+00
 135.850706      0.200    21.9438   0.000017     0.0108  0.000e+00
 135.851863      0.114    21.9451   0.000017     0.0108  0.000e+00
 135.853021      0.178    21.9466   0.000017     0.0108  0.000e+00
 135.854178      0.149    21.9485   0.000017     0.0108  0.000e+00
 135.855336      0.114    21.9499   0.000017     0.0108  0.000e+00
 135.856493      0.106    21.9521   0.000017     0.0108  0.000e+00
 135.857650      0.085    21.9531   0.000020     0.0108  0.000e+00
 135.858808      0.106    21.9551   0.000017     0.0108  0.000e+00
 135.859965      0.171    21.9567   0.000017     0.0108  0.000e+00
 135.861123      0.120    21.9580   0.000017     0.0108  0.000e+00
 135.862280      0.085    21.9592   0.000017     0.0108  0.000e+00
 135.863438      0.114    21.9605   0.000017     0.0108  0.000e+00
 135.864595      0.149    21.9620   0.000017     0.0108  0.000e+00
 135.865752      0.106    21.9632   0.000017     0.0108  0.000e+00
 135.866910      0.085    21.9645   0.000017     0.0108  0.000e+00
 135.868067      0.106    21.9659   0.000017     0.0108  0.000e+00
 135.869225      0.149    21.9663   0.000017     0.0108  0.000e+00
 135.870382      0.128    21.9681   0.000017     0.0108  0.000e+00
 135.871539      0.077    21.9686   0.000017     0.0108  0.000e+00
 135.872697      0.085    21.9697   0.000017     0.0108  0.000e+00
 135.873854      0.106    21.9713   0.000020     0.0108  0.000e+00
 135.875012      0.149    21.9735   0.000017     0.0108  0.000e+00
 135.876169      0.099    21.9747   0.000017     0.0108  0.000e+00
 135.877326      0.149    21.9761   0.000017     0.0108  0.000e+00
 135.878484      0.149    21.9775   0.000017     0.0108  0.000e+00
 135.879641      0.128    21.9787   0.000017     0.0108  0.000e+00
 135.880799      0.128    21.9806   0.000017     0.0108  0.000e+00
 135.881956      0.128    21.9814   0.000017     0.0108  0.000e+00
 135.883113      0.099    21.9822   0.000017     0.0108  0.000e+00
 135.884271      0.099    21.9835   0.000017     0.0108  0.000e+00
 135.885428      0.185    21.9847   0.000017     0.0108  0.000e+00
 135.886586      0.163    21.9863   0.000017     0.0108  0.000e+00
 135.887743      0.149    21.9869   0.000017     0.0108  0.000e+00
 135.888900      0.099    21.9882   0.000017     0.0108  0.000e+00
 135.890058      0.185    21.9885   0.000017     0.0108  0.000e+00
 135.891215      0.099    21.9895   0.000017     0.0108  0.000e+00
 135.892373      0.142    21.9910   0.000017     0.0109  0.000e+00
 135.893530      0.120    21.9910   0.000017     0.0109  0.000e+00
 135.894688      0.134    21.9911   0.000017     0.0109  0.000e+00
 135.895845      0.134    21.9917   0.000017     0.0109  0.000e+00
 135.897002      0.142    21.9922   0.000017     0.0109  0.000e+00
 135.898160      0.142    21.9931   0.000017     0.0109  0.000e+00
 135.899317      0.142    21.9929   0.000017     0.0109  0.000e+00
 135.900475      0.113    21.9930   0.000017     0.0109  0.000e+00
 135.901632      0.206    21.9939   0.000014     0.0109  0.000e+00
 135.902789      0.099    21.9932   0.000017     0.0109  0.000e+00
 135.903947      0.128    21.9935   0.000017     0.0109  0.000e+00
 135.905104      0.113    21.9940   0.000017     0.0109  0.000e+00
 135.906262      0.177    21.9945   0.000017     0.0109  0.000e+00
 135.907419      0.156    21.9957   0.000017     0.0109  0.000e+00
 135.908576      0.099    21.9974   0.000017     0.0109  0.000e+00
 135.909734      0.163    21.9989   0.000017     0.0109  0.000e+00
 135.910891      0.134    22.0007   0.000017     0.0109  0.000e+00
 135.912049      0.156    22.0019   0.000017     0.0109  0.000e+00
 135.913206      0.177    22.0031   0.000017     0.0109  0.000e+00
 135.914363      0.185    22.0043   0.000017     0.0109  0.000e+00
 135.915521      0.163    22.0051   0.000017     0.0109  0.000e+00
 135.916678      0.134    22.0066   0.000017     0.0109  0.000e+00
 135.917836      0.113    22.0066   0.000017     0.0109  0.000e+00
 135.918993      0.083    22.0067   0.000017     0.0109  0.000e+00
 135.920150      0.113    22.0070   0.000017     0.0109  0.000e+00
 135.921308      0.113    22.0063   0.000017     0.0109  0.000e+00
 135.922465      0.099    22.0071   0.000017     0.0109  0.000e+00
 135.923623      0.113    22.0057   0.000017     0.0109  0.000e+00
 135.924780      0.134    22.0046   0.000020     0.0108  0.000e+00
 135.925938      0.156    22.0051   0.000017     0.0109  0.000e+00
 135.927095      0.134    22.0045   0.000017     0.0109  0.000e+00
 135.928252      0.134    22.0042   0.000017     0.0109  0.000e+00
 135.929410      0.134    22.0034   0.000017     0.0109  0.000e+00
 135.930567      0.170    22.0032   0.000017     0.0109  0.000e+00
 135.931725      0.134    22.0024   0.000017     0.0109  0.000e+00
 135.932882      0.113    22.0023   0.000017     0.0109  0.000e+00
 135.934039      0.156    22.0011   0.000017     0.0109  0.000e+00
 135.935197      0.199    22.0013   0.000017     0.0109  0.000e+00
 135.936354      0.156    22.0005   0.000017     0.0109  0.000e+00
 135.937512      0.091    21.9996   0.000020     0.0108  0.000e+00
 135.938669      0.156    21.9993   0.000017     0.0109  0.000e+00
 135.939826      0.113    21.9990   0.000017     0.0109  0.000e+00
 135.940984      0.170    21.9990   0.000017     0.0109  0.000e+00
 135.942141      0.142    21.9976   0.000017     0.0109  0.000e+00
 135.943299      0.134    21.9970   0.000017     0.0109  0.000e+00
 135.944456      0.113    21.9961   0.000017     0.0109  0.000e+00
 135.945613      0.113    21.9960   0.000017     0.0109  0.000e+00
 135.946771      0.156    21.9953   0.000017     0.0109  0.000e+00
 135.947928      0.134    21.9941   0.000017     0.0109  0.000e+00
 135.949086      0.142    21.9935   0.000017     0.0109  0.000e+00
 135.950243      0.134    21.9926   0.000017     0.0109  0.000e+00
 135.951400      0.134    21.9915   0.000017     0.0109  0.000e+00
 135.952558      0.156    21.9908   0.000017     0.0109  0.000e+00
 135.953715      0.142    21.9899   0.000017     0.0109  0.000e+00
 135.954873      0.156    21.9892   0.000017     0.0108  0.000e+00
 135.956030      0.070    21.9886   0.000017     0.0108  0.000e+00
 135.957188      0.134    21.9877   0.000017     0.0108  0.000e+00
 135.958345      0.134    21.9864   0.000017     0.0108  0.000e+00
 135.959502      0.142    21.9861   0.000017     0.0108  0.000e+00
 135.960660      0.142    21.9849   0.000017     0.0108  0.000e+00
 135.961817      0.156    21.9837   0.000017     0.0108  0.000e+00
 135.962975      0.185    21.9833   0.000017     0.0108  0.000e+00
 135.964132      0.156    21.9821   0.000017     0.0108  0.000e+00
 135.965289      0.113    21.9820   0.000017     0.0108  0.000e+00
 135.966447      0.127    21.9812   0.000017     0.0108  0.000e+00
 135.967604      0.134    21.9796   0.000017     0.0108  0.000e+00
 135.968762      0.113    21.9789   0.000017     0.0108  0.000e+00
 135.969919      0.134    21.9779   0.000017     0.0108  0.000e+00
 135.971076      0.177    21.9772   0.000017     0.0108  0.000e+00
 135.972234      0.134    21.9763   0.000017     0.0108  0.000e+00
 135.973391      0.156    21.9761   0.000017     0.0108  0.000e+00
 135.974549      0.134    21.9742   0.000017     0.0108  0.000e+00
 135.975706      0.134    21.9737   0.000017     0.0108  0.000e+00
 135.976863      0.134    21.9727   0.000014     0.0109  0.000e+00
 135.978021      0.177    21.9714   0.000017     0.0108  0.000e+00
 135.979178      0.091    21.9704   0.000017     0.0108  0.000e+00
 135.980336      0.156    21.9698   0.000017     0.0108  0.000e+00
 135.981493      0.134    21.9683   0.000017     0.0108  0.000e+00
 135.982650      0.199    21.9678   0.000017     0.0108  0.000e+00
 135.983808      0.156    21.9673   0.000017     0.0108  0.000e+00
 135.984965      0.134    21.9664   0.000014     0.0109  0.000e+00
 135.986123      0.163    21.9650   0.000017     0.0108  0.000e+00
 135.987280      0.220    21.9636   0.000017     0.0108  0.000e+00
 135.988438      0.134    21.9633   0.000017     0.0108  0.000e+00
 135.989595      0.220    21.9632   0.000017     0.0108  0.000e+00
 135.990752      0.134    21.9626   0.000017     0.0108  0.000e+00
 135.991910      0.156    21.9609   0.000017     0.0108  0.000e+00
 135.993067      0.113    21.9605   0.000017     0.0108  0.000e+00
 135.994225      0.113    21.9596   0.000017     0.0108  0.000e+00
 135.995382      0.091    21.9592   0.000017     0.0108  0.000e+00
 135.996539      0.177    21.9591   0.000017     0.0108  0.000e+00
 135.997697      0.156    21.9583   0.000017     0.0108  0.000e+00
 135.998854      0.163    21.9573   0.000017     0.0108  0.000e+00
 136.000012      0.163    21.9565   0.000017     0.0108  0.000e+00
 136.001169      0.156    21.9559   0.000017     0.0108  0.000e+00
 136.002326      0.113    21.9553   0.000017     0.0108  0.000e+00
 136.003484      0.134    21.9547   0.000017     0.0108  0.000e+00
 136.004641      0.113    21.9533   0.000017     0.0108  0.000e+00
 136.005799      0.113    21.9532   0.000017     0.0108  0.000e+00
 136.006956      0.099    21.9519   0.000020     0.0108  0.000e+00
 136.008113      0.091    21.9509   0.000017     0.0108  0.000e+00
 136.009271      0.134    21.9505   0.000011     0.0109  0.000e+00
 136.010428      0.177    21.9492   0.000017     0.0108  0.000e+00
 136.011586      0.134    21.9484   0.000017     0.0108  0.000e+00
 136.012743      0.120    21.9478   0.000017     0.0108  0.000e+00
 136.013900      0.091    21.9470   0.000017     0.0108  0.000e+00
 136.015058      0.142    21.9454   0.000017     0.0108  0.000e+00
 136.016215      0.156    21.9448   0.000017     0.0108  0.000e+00
 136.017373      0.099    21.9445   0.000020     0.0108  0.000e+00
 136.018530      0.142    21.9437   0.000017     0.0108  0.000e+00
 136.019688      0.091    21.9428   0.000017     0.0108  0.000e+00
 136.020845      0.113    21.9411   0.000017     0.0108  0.000e+00
 136.022002      0.163    21.9411   0.000017     0.0108  0.000e+00
 136.023160      0.120    21.9402   0.000017     0.0108  0.000e+00
 136.024317      0.134    21.9399   0.000017     0.0108  0.000e+00
 136.025475      0.120    21.9395   0.000017     0.0108  0.000e+00
 136.026632      0.199    21.9384   0.000017     0.0108  0.000e+00
 136.027789      0.134    21.9389   0.000017     0.0108  0.000e+00
 136.028947      0.091    21.9370   0.000017     0.0108  0.000e+00
 136.030104      0.091    21.9373   0.000017     0.0108  0.000e+00
 136.031262      0.177    21.9361   0.000017     0.0108  0.000e+00
 136.032419      0.099    21.9356   0.000017     0.0108  0.000e+00
 136.033576      0.156    21.9348   0.000017     0.0108  0.000e+00
 136.034734      0.142    21.9335   0.000017     0.0108  0.000e+00
 136.035891      0.142    21.9325   0.000017     0.0108  0.000e+00
 136.037049      0.163    21.9319   0.000017     0.0108  0.000e+00
 136.038206      0.142    21.9310   0.000017     0.0108  0.000e+00
 136.039363      0.142    21.9295   0.000017     0.0108  0.000e+00
 136.040521      0.185    21.9291   0.000017     0.0108  0.000e+00
 136.041678      0.163    21.9284   0.000014     0.0108  0.000e+00
 136.042836      0.142    21.9273   0.000017     0.0108  0.000e+00
 136.043993      0.156    21.9265   0.000017     0.0108  0.000e+00
 136.045150      0.120    21.9255   0.000017     0.0108  0.000e+00
 136.046308      0.099    21.9248   0.000017     0.0108  0.000e+00
 136.047465      0.134    21.9235   0.000017     0.0108  0.000e+00
 136.048623      0.142    21.9221   0.000017     0.0108  0.000e+00
 136.049780      0.099    21.9217   0.000017     0.0108  0.000e+00
 136.050938      0.185    21.9209   0.000017     0.0108  0.000e+00
 136.052095      0.142    21.9201   0.000017     0.0108  0.000e+00
 136.053252      0.142    21.9190   0.000017     0.0108  0.000e+00
 136.054410      0.113    21.9185   0.000017     0.0108  0.000e+00
 136.055567      0.142    21.9176   0.000017     0.0108  0.000e+00
 136.056725      0.077    21.9172   0.000017     0.0108  0.000e+00
 136.057882      0.120    21.9158   0.000014     0.0108  0.000e+00
 136.059039      0.171    21.9154   0.000017     0.0108  0.000e+00
 136.060197      0.120    21.9149   0.000017     0.0108  0.000e+00
 136.061354      0.099    21.9143   0.000017     0.0108  0.000e+00
 136.062512      0.185    21.9131   0.000017     0.0108  0.000e+00
 136.063669      0.171    21.9126   0.000017     0.0108  0.000e+00
 136.064826      0.185    21.9115   0.000017     0.0108  0.000e+00
 136.065984      0.142    21.9112   0.000017     0.0108  0.000e+00
 136.067141      0.149    21.9104   0.000017     0.0108  0.000e+00
 136.068299      0.120    21.9093   0.000017     0.0108  0.000e+00
 136.069456      0.128    21.9083   0.000017     0.0108  0.000e+00
 136.070613      0.099    21.9079   0.000017     0.0108  0.000e+00
 136.071771      0.163    21.9069   0.000017     0.0108  0.000e+00
 136.072928      0.077    21.9061   0.000017     0.0108  0.000e+00
 136.074086      0.120    21.9053   0.000017     0.0108  0.000e+00
 136.075243      0.085    21.9045   0.000017     0.0108  0.000e+00
 136.076400      0.120    21.9040   0.000017     0.0108  0.000e+00
 136.077558      0.106    21.9029   0.000020     0.0108  0.000e+00
 136.078715      0.171    21.9016   0.000017     0.0108  0.000e+00
 136.079873      0.099    21.9006   0.000017     0.0108  0.000e+00
 136.081030      0.149    21.8994   0.000017     0.0108  0.000e+00
 136.082188      0.128    21.8989   0.000017     0.0108  0.000e+00
 136.083345      0.128    21.8976   0.000014     0.0108  0.000e+00
 136.084502      0.142    21.8968   0.000017     0.0108  0.000e+00
 136.085660      0.149    21.8959   0.000017     0.0108  0.000e+00
 136.086817      0.120    21.8944   0.000017     0.0108  0.000e+00
 136.087975      0.106    21.8933   0.000017     0.0108  0.000e+00
 136.089132      0.120    21.8921   0.000017     0.0108  0.000e+00
 136.090289      0.106    21.8916   0.000017     0.0108  0.000e+00
 136.091447      0.106    21.8906   0.000017     0.0108  0.000e+00
 136.092604      0.106    21.8890   0.000017     0.0108  0.000e+00
 136.093762      0.149    21.8882   0.000017     0.0108  0.000e+00
 136.094919      0.163    21.8874   0.000017     0.0108  0.000e+00
 136.096076      0.128    21.8864   0.000017     0.0108  0.000e+00
 136.097234      0.163    21.8854   0.000017     0.0108  0.000e+00
 136.098391      0.106    21.8843   0.000017     0.0108  0.000e+00
 136.099549      0.149    21.8839   0.000014     0.0108  0.000e+00
 136.100706      0.163    21.8823   0.000017     0.0108  0.000e+00
 136.101863      0.106    21.8813   0.000017     0.0108  0.000e+00
 136.103021      0.171    21.8805   0.000017     0.0108  0.000e+00
 136.104178      0.149    21.8791   0.000017     0.0108  0.000e+00
