tests/data/SBE37_12712_NISKINE.cnv
* Sea-Bird SBE37SM-RS232  Data File:
* FileName = C:\Users\mod\Desktop\NISKINe\SBE37\SBE37_12712_NISKINE.hex
* Software version SeatermV2 2.8.0.119
* Temperature SN = 12712
* Conductivity SN = 12712
* System UpLoad Time = Oct 11 2020 12:10:32
* sample interval = 100 seconds
* <ApplicationData>
# nquan = 6
# nvalues = 256106                                
# units = specified
# name 0 = timeJ: Julian Days
# name 1 = prdM: Pressure, Strain Gauge [db]
# name 2 = tv290C: Temperature [ITS-90, deg C]
# name 3 = cond0S/m: Conductivity [S/m]
# name 4 = sal00: Salinity, Practical [PSU]
# name 5 = flag:  0.000e+00
# span 0 = 135.000012, 431.417836                 
# span 1 =     -2.642,   2899.907                 
# span 2 =     2.3196,    31.4026                 
# span 3 =  -0.005216,   3.898104                 
# span 4 =     0.0000,    35.0795                 
# span 5 = 0.0000e+00, 0.0000e+00                 
# interval = seconds: 100
# start_time = May 15 2019 00:00:01 [Instrument's time stamp, first data scan]
# bad_flag = -9.990e-29
*END*
 135.000012      0.093    21.4481   0.000020     0.0106  0.000e+00
 135.001169      0.086    21.4460   0.000020     0.0106  0.000e+00
 135.002326      0.086    21.4447   0.000020     0.0106  0.000e+00
 135.003484      0.129    21.4429   0.000017     0.0106  0.000e+00
 135.004641      0.122    21.4414   0.000020     0.0106  0.000e+00
 135.005799      0.086    21.4395   0.000017     0.0106  0.000e+00
 135.006956      0.086    21.4376   0.000017     0.0106  0.000e+00
 135.008113      0.093    21.4362   0.000020     0.0106  0.000e+00
 135.009271      0.072    21.4351   0.000017     0.0106  0.000e+00
 135.010428      0.064    21.4337   0.000017     0.0106  0.000e+00
 135.011586      0.129    21.4317   0.000017     0.0106  0.000e+00
 135.012743      0.072    21.4301   0.000020     0.0106  0.000e+00
 135.013900      0.093    21.4286   0.000017     0.0106  0.000e+00
 135.015058      0.086    21.4271   0.000020     0.0106  0.000e+00
 135.016215      0.043    21.4249   0.000017     0.0106  0.000e+00
 135.017373      0.151    21.4241   0.000020     0.0106  0.000e+00
 135.018530      0.086    21.4225   0.000017     0.0106  0.000e+00
 135.019688      0.158    21.4209   0.000017     0.0106  0.000e+00
 135.020845      0.086    21.4192   0.000017     0.0106  0.000e+00
 135.022002      0.115    21.4180   0.000017     0.0106  0.000e+00
 135.023160      0.115    21.4162   0.000017     0.0106  0.000e+00
 135.024317      0.115    21.4153   0.000017     0.0106  0.000e+00
 135.025475      0.064    21.4133   0.000017     0.0106  0.000e+00
 135.026632      0.086    21.4126   0.000017     0.0106  0.000e+00
 135.027789      0.115    21.4117   0.000017     0.0106  0.000e+00
 135.028947      0.136    21.4103   0.000017     0.0106  0.000e+00
 135.030104      0.050    21.4093   0.000017     0.0106  0.000e+00
 135.031262      0.093    21.4078   0.000017     0.0106  0.000e+00
 135.032419      0.086    21.4069   0.000017     0.0106  0.000e+00
 135.033576      0.007    21.4058   0.000017     0.0106  0.000e+00
 135.034734      0.115    21.4055   0.000017     0.0106  0.000e+00
 135.035891      0.064    21.4046   0.000017     0.0106  0.000e+00
 135.037049      0.115    21.4031   0.000017     0.0106  0.000e+00
 135.038206      0.093    21.4024   0.000017     0.0106  0.000e+00
 135.039363      0.093    21.4005   0.000017     0.0106  0.000e+00
 135.040521      0.115    21.4005   0.000020     0.0106  0.000e+00
 135.041678      0.050    21.3990   0.000017     0.0106  0.000e+00
 135.042836      0.136    21.3976   0.000020     0.0106  0.000e+00
 135.043993      0.050    21.3963   0.000020     0.0106  0.000e+00
 135.045150      0.093    21.3953   0.000017     0.0106  0.000e+00
 135.046308      0.093    21.3942   0.000017     0.0106  0.000e+00
 135.047465      0.122    21.3925   0.000020     0.0106  0.000e+00
 135.048623      0.072    21.3912   0.000017     0.0106  0.000e+00
 135.049780      0.115    21.3900   0.000017     0.0106  0.000e+00
 135.050938      0.093    21.3887   0.000017     0.0106  0.000e+00
 135.052095      0.093    21.3872   0.000017     0.0106  0.000e+00
 135.053252      0.093    21.3860   0.000017     0.0106  0.000e+00
 135.054410      0.093    21.3846   0.000017     0.0106  0.000e+00
 135.055567      0.136    21.3834   0.000017     0.0106  0.000e+00
 135.056725      0.050    21.3821   0.000017     0.0106  0.000e+00
 135.057882      0.122    21.3809   0.000017     0.0106  0.000e+00
 135.059039      0.072    21.3794   0.000017     0.0106  0.000e+00
 135.060197      0.136    21.3777   0.000017     0.0106  0.000e+00
 135.061354      0.050    21.3767   0.000017     0.0106  0.000e+00
 135.062512      0.057    21.3751   0.000017     0.0106  0.000e+00
 135.063669      0.057    21.3735   0.000017     0.0106  0.000e+00
 135.064826      0.093    21.3723   0.000017     0.0106  0.000e+00
 135.065984      0.072    21.3715   0.000017     0.0106  0.000e+00
 135.067141      0.100    21.3695   0.000017     0.0106  0.000e+00
 135.068299      0.072    21.3683   0.000017     0.0106  0.000e+00
 135.069456      0.122    21.3668   0.000017     0.0106  0.000e+00
 135.070613      0.057    21.3654   0.000017     0.0106  0.000e+00
 135.071771      0.072    21.3642   0.000017     0.0106  0.000e+00
 135.072928      0.100    21.3632   0.000017     0.0106  0.000e+00
 135.074086      0.079    21.3620   0.000017     0.0106  0.000e+00
 135.075243      0.057    21.3611   0.000017     0.0106  0.000e+00
 135.076400      0.100    21.3598   0.000020     0.0106  0.000e+00
 135.077558      0.079    21.3588   0.000017     0.0106  0.000e+00
 135.078715      0.093    21.3577   0.000017     0.0106  0.000e+00
 135.079873      0.072    21.3569   0.000017     0.0106  0.000e+00
 135.081030      0.122    21.3559   0.000017     0.0106  0.000e+00
 135.082188      0.093    21.3547   0.000017     0.0106  0.000e+00
 135.083345      0.100    21.3536   0.000017     0.0106  0.000e+00
 135.084502      0.122    21.3529   0.000017     0.0106  0.000e+00
 135.085660      0.100    21.3521   0.000017     0.0106  0.000e+00
 135.086817      0.079    21.3508   0.000017     0.0106  0.000e+00
 135.087975      0.150    21.3503   0.000020     0.0106  0.000e+00
 135.089132      0.079    21.3498   0.000017     0.0106  0.000e+00
 135.090289      0.079    21.3485   0.000017     0.0106  0.000e+00
 135.091447      0.079    21.3481   0.000017     0.0106  0.000e+00
 135.092604      0.036    21.3467   0.000017     0.0106  0.000e+00
 135.093762      0.057    21.3456   0.000017     0.0106  0.000e+00
 135.094919      0.100    21.3448   0.000017     0.0106  0.000e+00
 135.096076      0.122    21.3444   0.000017     0.0106  0.000e+00
 135.097234      0.107    21.3426   0.000017     0.0106  0.000e+00
 135.098391      0.079    21.3429   0.000017     0.0106  0.000e+00
 135.099549      0.086    21.3413   0.000017     0.0106  0.000e+00
 135.100706      0.107    21.3403   0.000017     0.0106  0.000e+00
 135.101863      0.100    21.3394   0.000017     0.0106  0.000e+00
 135.103021      0.086    21.3390   0.000017     0.0106  0.000e+00
 135.104178      0.079    21.3377   0.000017     0.0106  0.000e+00
 135.105336      0.064    21.3370   0.000017     0.0106  0.000e+00
 135.106493      0.086    21.3362   0.000017     0.0106  0.000e+00
 135.107650      0.086    21.3355   0.000017     0.0106  0.000e+00
 135.108808      0.043    21.3349   0.000017     0.0106  0.000e+00
 135.109965      0.043    21.3336   0.000017     0.0106  0.000e+00
 135.111123      0.086    21.3327   0.000017     0.0106  0.000e+00
 135.112280      0.086    21.3314   0.000017     0.0106  0.000e+00
 135.113438      0.107    21.3308   0.000017     0.0106  0.000e+00
 135.114595      0.100    21.3301   0.000017     0.0106  0.000e+00
 135.115752      0.086    21.3292   0.000017     0.0106  0.000e+00
 135.116910      0.086    21.3285   0.000017     0.0106  0.000e+00
 135.118067      0.057    21.3274   0.000017     0.0106  0.000e+00
 135.119225      0.107    21.3265   0.000014     0.0106  0.000e+00
 135.120382      0.086    21.3259   0.000017     0.0106  0.000e+00
 135.121539      0.086    21.3250   0.000017     0.0106  0.000e+00
 135.122697      0.064    21.3239   0.000017     0.0106  0.000e+00
 135.123854      0.086    21.3238   0.000017     0.0106  0.000e+00
 135.125012      0.129    21.3225   0.000017     0.0106  0.000e+00
 135.126169      0.086    21.3221   0.000017     0.0106  0.000e+00
 135.127326      0.064    21.3210   0.000017     0.0106  0.000e+00
 135.128484      0.057    21.3210   0.000017     0.0106  0.000e+00
 135.129641      0.079    21.3205   0.000017     0.0106  0.000e+00
 135.130799      0.107    21.3196   0.000017     0.0106  0.000e+00
 135.131956      0.086    21.3190   0.000017     0.0106  0.000e+00
 135.133113      0.107    21.3187   0.000017     0.0106  0.000e+00
 135.134271      0.057    21.3180   0.000017     0.0106  0.000e+00
 135.135428      0.150    21.3173   0.000017     0.0106  0.000e+00
 135.136586      0.064    21.3165   0.000017     0.0106  0.000e+00
 135.137743      0.129    21.3160   0.000017     0.0106  0.000e+00
 135.138900      0.107    21.3155   0.000017     0.0106  0.000e+00
 135.140058      0.043    21.3151   0.000017     0.0106  0.000e+00
 135.141215     -0.008    21.3143   0.000017     0.0106  0.000e+00
 135.142373      0.043    21.3137   0.000017     0.0106  0.000e+00
 135.143530      0.071    21.3136   0.000017     0.0106  0.000e+00
 135.144688      0.021    21.3125   0.000017     0.0106  0.000e+00
 135.145845      0.107    21.3127   0.000017     0.0106  0.000e+00
 135.147002      0.086    21.3118   0.000017     0.0106  0.000e+00
 135.148160      0.086    21.3112   0.000017     0.0106  0.000e+00
 135.149317      0.107    21.3105   0.000017     0.0106  0.000e+00
 135.150475      0.129    21.3098   0.000017     0.0106  0.000e+00
 135.151632      0.086    21.3094   0.000020     0.0106  0.000e+00
 135.152789      0.064    21.3087   0.000017     0.0106  0.000e+00
 135.153947      0.050    21.3081   0.000017     0.0106  0.000e+00
 135.155104      0.086    21.3074   0.000017     0.0106  0.000e+00
 135.156262      0.043    21.3072   0.000017     0.0106  0.000e+00
 135.157419      0.107    21.3060   0.000017     0.0106  0.000e+00
 135.158576      0.086    21.3064   0.000017     0.0106  0.000e+00
 135.159734      0.086    21.3054   0.000017     0.0106  0.000e+00
 135.160891      0.107    21.3048   0.000017     0.0106  0.000e+00
 135.162049      0.064    21.3048   0.000020     0.0106  0.000e+00
 135.163206      0.086    21.3039   0.000017     0.0106  0.000e+00
 135.164363      0.064    21.3034   0.000017     0.0106  0.000e+00
 135.165521      0.086    21.3030   0.000017     0.0106  0.000e+00
 135.166678      0.050    21.3018   0.000017     0.0106  0.000e+00
 135.167836      0.086    21.3011   0.000017     0.0106  0.000e+00
 135.168993      0.043    21.3013   0.000017     0.0106  0.000e+00
 135.170150      0.086    21.3010   0.000017     0.0106  0.000e+00
 135.171308      0.050    21.3002   0.000017     0.0106  0.000e+00
 135.172465      0.086    21.2998   0.000017     0.0106  0.000e+00
 135.173623      0.064    21.3000   0.000017     0.0106  0.000e+00
 135.174780      0.064    21.2995   0.000017     0.0106  0.000e+00
 135.175938      0.136    21.2993   0.000017     0.0106  0.000e+00
 135.177095      0.114    21.2983   0.000020     0.0106  0.000e+00
 135.178252      0.043    21.2975   0.000017     0.0106  0.000e+00
 135.179410      0.064    21.2977   0.000017     0.0106  0.000e+00
 135.180567      0.114    21.2965   0.000017     0.0106  0.000e+00
 135.181725      0.050    21.2964   0.000020     0.0106  0.000e+00
 135.182882      0.021    21.2957   0.000017     0.0106  0.000e+00
 135.184039      0.071    21.2955   0.000017     0.0106  0.000e+00
 135.185197      0.121    21.2947   0.000017     0.0106  0.000e+00
 135.186354      0.064    21.2942   0.000017     0.0106  0.000e+00
 135.187512      0.086    21.2935   0.000017     0.0106  0.000e+00
 135.188669      0.006    21.2934   0.000017     0.0106  0.000e+00
 135.189826      0.086    21.2929   0.000017     0.0106  0.000e+00
 135.190984      0.136    21.2923   0.000017     0.0106  0.000e+00
 135.192141      0.050    21.2919   0.000017     0.0106  0.000e+00
 135.193299      0.107    21.2920   0.000017     0.0106  0.000e+00
 135.194456      0.093    21.2914   0.000017     0.0106  0.000e+00
 135.195613      0.021    21.2922   0.000017     0.0106  0.000e+00
 135.196771      0.064    21.2914   0.000017     0.0106  0.000e+00
 135.197928      0.071    21.2922   0.000017     0.0106  0.000e+00
 135.199086      0.114    21.2922   0.000017     0.0106  0.000e+00
 135.200243      0.107    21.2933   0.000017     0.0106  0.000e+00
 135.201400      0.093    21.2932   0.000017     0.0106  0.000e+00
 135.202558      0.071    21.2942   0.000017     0.0106  0.000e+00
 135.203715     -0.001    21.2946   0.000017     0.0106  0.000e+00
 135.204873      0.050    21.2948   0.000017     0.0106  0.000e+00
 135.206030      0.093    21.2962   0.000017     0.0106  0.000e+00
 135.207188      0.064    21.2974   0.000017     0.0106  0.000e+00
 135.208345      0.071    21.2979   0.000017     0.0106  0.000e+00
 135.209502      0.028    21.2990   0.000014     0.0106  0.000e+00
 135.210660      0.071    21.2996   0.000017     0.0106  0.000e+00
 135.211817      0.071    21.3009   0.000017     0.0106  0.000e+00
 135.212975      0.050    21.3010   0.000017     0.0106  0.000e+00
 135.214132      0.043    21.3026   0.000017     0.0106  0.000e+00
 135.215289      0.064    21.3040   0.000017     0.0106  0.000e+00
 135.216447      0.050    21.3050   0.000017     0.0106  0.000e+00
 135.217604      0.050    21.3060   0.000017     0.0106  0.000e+00
 135.218762      0.050    21.3064   0.000017     0.0106  0.000e+00
 135.219919      0.071    21.3077   0.000017     0.0106  0.000e+00
 135.221076      0.043    21.3086   0.000014     0.0106  0.000e+00
 135.222234      0.071    21.3094   0.000017     0.0106  0.000e+00
 135.223391      0.043    21.3107   0.000017     0.0106  0.000e+00
 135.224549      0.071    21.3117   0.000017     0.0106  0.000e+00
 135.225706      0.086    21.3131   0.000017     0.0106  0.000e+00
 135.226863      0.086    21.3137   0.000017     0.0106  0.000e+00
 135.228021      0.093    21.3148   0.000017     0.0106  0.000e+00
 135.229178      0.086    21.3155   0.000017     0.0106  0.000e+00
 135.230336      0.093    21.3169   0.000017     0.0106  0.000e+00
 135.231493      0.086    21.3178   0.000017     0.0106  0.000e+00
 135.232650      0.086    21.3182   0.000017     0.0106  0.000e+00
 135.233808      0.028    21.3195   0.000017     0.0106  0.000e+00
 135.234965      0.043    21.3201   0.000017     0.0106  0.000e+00
 135.236123      0.064    21.3211   0.000017     0.0106  0.000e+00
 135.237280      0.086    21.3224   0.000017     0.0106  0.000e+00
 135.238438      0.028    21.3237   0.000017     0.0106  0.000e+00
 135.239595      0.064    21.3242   0.000017     0.0106  0.000e+00
 135.240752      0.043    21.3252   0.000017     0.0106  0.000e+00
 135.241910      0.043    21.3258   0.000017     0.0106  0.000e+00
 135.243067      0.086    21.3262   0.000017     0.0106  0.000e+00
 135.244225      0.071    21.3273   0.000017     0.0106  0.000e+00
 135.245382      0.043    21.3285   0.000017     0.0106  0.000e+00
 135.246539      0.028    21.3286   0.000017     0.0106  0.000e+00
 135.247697     -0.022    21.3299   0.000017     0.0106  0.000e+00
 135.248854      0.021    21.3308   0.000017     0.0106  0.000e+00
 135.250012      0.043    21.3315   0.000017     0.0106  0.000e+00
 135.251169      0.043    21.3318   0.000017     0.0106  0.000e+00
 135.252326      0.086    21.3332   0.000017     0.0106  0.000e+00
 135.253484      0.129    21.3342   0.000017     0.0106  0.000e+00
 135.254641      0.050    21.3353   0.000017     0.0106  0.000e+00
 135.255799      0.107    21.3361   0.000017     0.0106  0.000e+00
 135.256956      0.093    21.3366   0.000017     0.0106  0.000e+00
 135.258113      0.071    21.3380   0.000017     0.0106  0.000e+00
 135.259271      0.086    21.3383   0.000017     0.0106  0.000e+00
 135.260428      0.064    21.3394   0.000017     0.0106  0.000e+00
 135.261586      0.043    21.3402   0.000017     0.0106  0.000e+00
 135.262743      0.079    21.3415   0.000017     0.0106  0.000e+00
 135.263900      0.064    21.3418   0.000017     0.0106  0.000e+00
 135.265058      0.086    21.3422   0.000017     0.0106  0.000e+00
 135.266215      0.107    21.3431   0.000017     0.0106  0.000e+00
 135.267373      0.064    21.3442   0.000017     0.0106  0.000e+00
 135.268530      0.064    21.3439   0.000017     0.0106  0.000e+00
 135.269688      0.043    21.3457   0.000017     0.0106  0.000e+00
 135.270845      0.086    21.3454   0.000017     0.0106  0.000e+00
 135.272002      0.021    21.3463   0.000017     0.0106  0.000e+00
 135.273160      0.107    21.3473   0.000017     0.0106  0.000e+00
 135.274317      0.107    21.3475   0.000017     0.0106  0.000e+00
