tests/data/SBE37_2864_NISKINE.cnv
* Sea-Bird SBE37 Data File:
* FileName = C:\Users\mod\Desktop\NISKINe\SBE37\SBE37_2864_NISKINE.asc
* Software Version 1.59
* Temperature SN = 2864
* Conductivity SN = 2864
* System UpLoad Time = Oct 10 2020 23:40:32
* ds
* SBE37-SM V 2.6b  SERIAL NO. 2864    10 Oct 2020  23:41:37
# nquan = 4
# nvalues =   185394
# units = metric
# name 0 = t090: temperature, ITS-90 [deg C]
# name 1 = c0S/m: conductivity [S/m]
# name 2 = pr: pressure [db]
# name 3 = flag:  0.000e+00
# span 0 = 6.2859, 31.9217            
# span 1 = -0.00007, 3.89971          
# span 2 = -0.831, 658.229            
# span 3 = 0.000e+00, 0.000e+00       
# interval = seconds: 240
# start_time = May 15 2019 00:00:01
# bad_flag = -9.990e-29
*END*
    19.8204   -0.00006     -0.153  0.000e+00
    19.8180   -0.00006     -0.153  0.000e+00
    19.8147   -0.00006     -0.153  0.000e+00
    19.8120   -0.00006     -0.153  0.000e+00
    19.8091   -0.00006     -0.153  0.000e+00
    19.8056   -0.00006     -0.153  0.000e+00
    19.8037   -0.00006     -0.153  0.000e+00
    19.8008   -0.00006     -0.153  0.000e+00
    19.7979   -0.00006     -0.153  0.000e+00
    19.7945   -0.00006     -0.153  0.000e+00
    19.7922   -0.00006     -0.153  0.000e+00
    19.7892   -0.00006     -0.153  0.000e+00
    19.7870   -0.00006     -0.153  0.000e+00
    19.7843   -0.00006     -0.153  0.000e+00
    19.7817   -0.00006     -0.153  0.000e+00
    19.7793   -0.00006     -0.153  0.000e+00
    19.7768   -0.00006     -0.153  0.000e+00
    19.7744   -0.00006     -0.153  0.000e+00
    19.7720   -0.00006     -0.153  0.000e+00
    19.7701   -0.00006     -0.153  0.000e+00
    19.7677   -0.00006     -0.153  0.000e+00
    19.7648   -0.00006     -0.153  0.000e+00
    19.7637   -0.00006     -0.153  0.000e+00
    19.7614   -0.00006     -0.153  0.000e+00
    19.7595   -0.00006     -0.153  0.000e+00
    19.7583   -0.00006     -0.153  0.000e+00
    19.7562   -0.00006     -0.153  0.000e+00
    19.7540   -0.00006     -0.153  0.000e+00
    19.7526   -0.00006     -0.153  0.000e+00
    19.7510   -0.00006     -0.153  0.000e+00
    19.7492   -0.00006     -0.153  0.000e+00
    19.7472   -0.00006     -0.153  0.000e+00
    19.7451   -0.00006     -0.153  0.000e+00
    19.7445   -0.00006     -0.153  0.000e+00
    19.7431   -0.00006     -0.153  0.000e+00
    19.7410   -0.00006     -0.153  0.000e+00
    19.7391   -0.00006     -0.153  0.000e+00
    19.7376   -0.00006     -0.153  0.000e+00
    19.7361   -0.00006     -0.153  0.000e+00
    19.7337   -0.00006     -0.153  0.000e+00
    19.7331   -0.00006     -0.153  0.000e+00
    19.7311   -0.00006     -0.153  0.000e+00
    19.7282   -0.00006     -0.153  0.000e+00
    19.7273   -0.00006     -0.153  0.000e+00
    19.7265   -0.00006     -0.153  0.000e+00
    19.7247   -0.00006     -0.153  0.000e+00
    19.7232   -0.00006     -0.153  0.000e+00
    19.7209   -0.00006     -0.153  0.000e+00
    19.7203   -0.00006     -0.153  0.000e+00
    19.7192   -0.00006     -0.153  0.000e+00
    19.7174   -0.00006     -0.153  0.000e+00
    19.7155   -0.00006     -0.153  0.000e+00
    19.7140   -0.00006     -0.153  0.000e+00
    19.7135   -0.00006     -0.153  0.000e+00
    19.7117   -0.00006     -0.153  0.000e+00
    19.7100   -0.00006     -0.153  0.000e+00
    19.7092   -0.00006     -0.153  0.000e+00
    19.7079   -0.00006     -0.153  0.000e+00
    19.7065   -0.00006     -0.153  0.000e+00
    19.7056   -0.00006     -0.153  0.000e+00
    19.7050   -0.00006     -0.153  0.000e+00
    19.7034   -0.00006     -0.153  0.000e+00
    19.7027   -0.00006     -0.153  0.000e+00
    19.7014   -0.00006     -0.153  0.000e+00
    19.7003   -0.00006     -0.153  0.000e+00
    19.6989   -0.00006     -0.153  0.000e+00
    19.6989   -0.00006     -0.153  0.000e+00
    19.6973   -0.00006     -0.153  0.000e+00
    19.6965   -0.00006     -0.153  0.000e+00
    19.6962   -0.00006     -0.153  0.000e+00
    19.6957   -0.00006     -0.153  0.000e+00
    19.6955   -0.00006     -0.153  0.000e+00
    19.6960   -0.00006     -0.153  0.000e+00
    19.6961   -0.00006     -0.153  0.000e+00
    19.6966   -0.00006     -0.153  0.000e+00
    19.6974   -0.00006     -0.153  0.000e+00
    19.6983   -0.00006     -0.153  0.000e+00
    19.6999   -0.00006     -0.153  0.000e+00
    19.7010   -0.00006     -0.153  0.000e+00
    19.7025   -0.00006     -0.153  0.000e+00
    19.7032   -0.00006     -0.153  0.000e+00
    19.7047   -0.00006     -0.153  0.000e+00
    19.7062   -0.00006     -0.153  0.000e+00
    19.7083   -0.00006     -0.153  0.000e+00
    19.7097   -0.00006     -0.153  0.000e+00
    19.7112   -0.00006     -0.153  0.000e+00
    19.7132   -0.00006     -0.153  0.000e+00
    19.7144   -0.00006     -0.153  0.000e+00
    19.7172   -0.00006     -0.153  0.000e+00
    19.7189   -0.00006     -0.153  0.000e+00
    19.7218   -0.00006     -0.153  0.000e+00
    19.7242   -0.00006     -0.153  0.000e+00
    19.7263   -0.00006     -0.153  0.000e+00
    19.7289   -0.00006     -0.153  0.000e+00
    19.7323   -0.00006     -0.153  0.000e+00
    19.7355   -0.00006     -0.153  0.000e+00
    19.7390   -0.00006     -0.153  0.000e+00
    19.7408   -0.00006     -0.153  0.000e+00
    19.7444   -0.00006     -0.153  0.000e+00
    19.7472   -0.00006     -0.153  0.000e+00
    19.7519   -0.00006     -0.153  0.000e+00
    19.7544   -0.00006     -0.153  0.000e+00
    19.7574   -0.00006     -0.153  0.000e+00
    19.7613   -0.00006     -0.153  0.000e+00
    19.7665   -0.00006     -0.153  0.000e+00
    19.7693   -0.00006     -0.153  0.000e+00
    19.7731   -0.00006     -0.153  0.000e+00
    19.7769   -0.00006     -0.153  0.000e+00
    19.7826   -0.00006     -0.153  0.000e+00
    19.7860   -0.00006     -0.153  0.000e+00
    19.7901   -0.00006     -0.153  0.000e+00
    19.7961   -0.00006     -0.153  0.000e+00
    19.8006   -0.00006     -0.153  0.000e+00
    19.8050   -0.00006     -0.153  0.000e+00
    19.8080   -0.00006     -0.153  0.000e+00
    19.8116   -0.00006     -0.153  0.000e+00
    19.8158   -0.00006     -0.153  0.000e+00
    19.8190   -0.00005     -0.153  0.000e+00
    19.8222   -0.00006     -0.153  0.000e+00
    19.8260   -0.00006     -0.153  0.000e+00
    19.8289   -0.00006     -0.153  0.000e+00
    19.8322   -0.00006     -0.153  0.000e+00
    19.8357   -0.00006     -0.153  0.000e+00
    19.8396   -0.00006     -0.153  0.000e+00
    19.8438   -0.00006     -0.153  0.000e+00
    19.8481   -0.00006     -0.153  0.000e+00
    19.8516   -0.00006     -0.153  0.000e+00
    19.8557   -0.00006     -0.153  0.000e+00
    19.8595   -0.00006     -0.153  0.000e+00
    19.8641   -0.00006     -0.153  0.000e+00
    19.8683   -0.00006     -0.153  0.000e+00
    19.8728   -0.00006     -0.153  0.000e+00
    19.8775   -0.00006     -0.153  0.000e+00
    19.8822   -0.00006     -0.153  0.000e+00
    19.8862   -0.00006     -0.153  0.000e+00
    19.8914   -0.00006     -0.153  0.000e+00
    19.8956   -0.00006     -0.153  0.000e+00
    19.9001   -0.00006     -0.153  0.000e+00
    19.9052   -0.00006     -0.153  0.000e+00
    19.9102   -0.00006     -0.153  0.000e+00
    19.9150   -0.00006     -0.153  0.000e+00
    19.9200   -0.00006     -0.153  0.000e+00
    19.9250   -0.00006     -0.153  0.000e+00
    19.9304   -0.00006     -0.153  0.000e+00
    19.9352   -0.00006     -0.153  0.000e+00
    19.9401   -0.00006     -0.153  0.000e+00
    19.9449   -0.00006     -0.153  0.000e+00
    19.9506   -0.00006     -0.153  0.000e+00
    19.9553   -0.00006     -0.153  0.000e+00
    19.9609   -0.00006     -0.153  0.000e+00
    19.9649   -0.00006     -0.153  0.000e+00
    19.9705   -0.00006     -0.153  0.000e+00
    19.9754   -0.00006     -0.153  0.000e+00
    19.9803   -0.00006     -0.153  0.000e+00
    19.9848   -0.00006     -0.153  0.000e+00
    19.9897   -0.00006     -0.153  0.000e+00
    19.9944   -0.00006     -0.153  0.000e+00
    19.9982   -0.00006     -0.153  0.000e+00
    20.0024   -0.00006     -0.153  0.000e+00
    20.0064   -0.00006     -0.153  0.000e+00
    20.0117   -0.00006     -0.153  0.000e+00
    20.0150   -0.00006     -0.153  0.000e+00
    20.0197   -0.00006     -0.153  0.000e+00
    20.0235   -0.00006     -0.153  0.000e+00
    20.0277   -0.00006     -0.153  0.000e+00
    20.0325   -0.00006     -0.153  0.000e+00
    20.0374   -0.00006     -0.153  0.000e+00
    20.0403   -0.00006     -0.153  0.000e+00
    20.0425   -0.00006     -0.153  0.000e+00
    20.0436   -0.00006     -0.153  0.000e+00
    20.0429   -0.00006     -0.153  0.000e+00
    20.0384   -0.00006     -0.153  0.000e+00
    20.0320   -0.00006     -0.153  0.000e+00
    20.0230   -0.00006     -0.153  0.000e+00
    20.0139   -0.00006     -0.153  0.000e+00
    19.9942   -0.00006     -0.153  0.000e+00
    19.9777   -0.00006     -0.153  0.000e+00
    19.9637   -0.00006     -0.153  0.000e+00
    19.9369   -0.00006     -0.153  0.000e+00
    19.9187   -0.00006     -0.153  0.000e+00
    19.8991   -0.00006     -0.153  0.000e+00
    19.8710   -0.00006     -0.153  0.000e+00
    19.8438   -0.00006     -0.153  0.000e+00
    19.8328   -0.00006     -0.153  0.000e+00
    19.8056   -0.00006     -0.153  0.000e+00
    19.7748   -0.00006     -0.153  0.000e+00
    19.7603   -0.00005     -0.153  0.000e+00
    19.7360   -0.00006     -0.153  0.000e+00
    19.7080   -0.00006     -0.153  0.000e+00
    19.6855   -0.00006     -0.153  0.000e+00
    19.6622   -0.00006     -0.153  0.000e+00
    19.6414   -0.00006     -0.153  0.000e+00
    19.6161   -0.00005     -0.153  0.000e+00
    19.5832   -0.00006     -0.153  0.000e+00
    19.5627   -0.00005     -0.153  0.000e+00
    19.5364   -0.00006     -0.153  0.000e+00
    19.4974   -0.00006     -0.153  0.000e+00
    19.4912   -0.00005     -0.153  0.000e+00
    19.4678   -0.00006     -0.153  0.000e+00
    19.4420   -0.00006     -0.153  0.000e+00
    19.4088   -0.00005     -0.153  0.000e+00
    19.3922   -0.00006     -0.153  0.000e+00
    19.3644   -0.00006     -0.153  0.000e+00
    19.3437   -0.00005     -0.153  0.000e+00
    19.3185   -0.00005     -0.153  0.000e+00
    19.2885   -0.00005     -0.153  0.000e+00
    19.2673   -0.00005     -0.153  0.000e+00
    19.2389   -0.00006     -0.153  0.000e+00
    19.2105   -0.00005     -0.153  0.000e+00
    19.1982   -0.00006     -0.153  0.000e+00
    19.1708   -0.00005     -0.153  0.000e+00
    19.1544   -0.00005     -0.153  0.000e+00
    19.1303   -0.00006     -0.153  0.000e+00
    19.1105   -0.00006     -0.153  0.000e+00
    19.0858   -0.00005     -0.153  0.000e+00
    19.0649   -0.00005     -0.153  0.000e+00
    19.0396   -0.00005     -0.153  0.000e+00
    19.0186   -0.00005     -0.153  0.000e+00
    18.9993   -0.00005     -0.153  0.000e+00
    18.9809   -0.00005     -0.153  0.000e+00
    18.9575   -0.00006     -0.153  0.000e+00
    18.9347   -0.00005     -0.153  0.000e+00
    18.9025   -0.00006     -0.153  0.000e+00
    18.8859   -0.00005     -0.153  0.000e+00
    18.8569   -0.00006     -0.153  0.000e+00
    18.8326   -0.00005     -0.153  0.000e+00
    18.8168   -0.00005     -0.153  0.000e+00
    18.7954   -0.00005     -0.153  0.000e+00
    18.7697   -0.00005     -0.153  0.000e+00
    18.7467   -0.00005     -0.153  0.000e+00
    18.7249   -0.00005     -0.153  0.000e+00
    18.7032   -0.00005     -0.153  0.000e+00
    18.6770   -0.00006     -0.153  0.000e+00
    18.6610   -0.00006     -0.153  0.000e+00
    18.6393   -0.00006     -0.153  0.000e+00
    18.6167   -0.00005     -0.153  0.000e+00
    18.5966   -0.00005     -0.153  0.000e+00
    18.5763   -0.00005     -0.153  0.000e+00
    18.5558   -0.00005     -0.153  0.000e+00
    18.5388   -0.00005     -0.153  0.000e+00
    18.5219   -0.00005     -0.153  0.000e+00
    18.5103   -0.00005     -0.153  0.000e+00
    18.4963   -0.00005     -0.153  0.000e+00
    18.4898   -0.00005     -0.153  0.000e+00
    18.4834   -0.00005     -0.153  0.000e+00
    18.4773   -0.00005     -0.153  0.000e+00
    18.4708   -0.00005     -0.153  0.000e+00
    18.4678   -0.00005     -0.153  0.000e+00
    18.4645   -0.00005     -0.153  0.000e+00
    18.4638   -0.00005     -0.153  0.000e+00
    18.4624   -0.00005     -0.153  0.000e+00
    18.4624   -0.00005     -0.153  0.000e+00
    18.4639   -0.00005     -0.153  0.000e+00
    18.4653   -0.00005     -0.153  0.000e+00
    18.4674   -0.00005     -0.153  0.000e+00
    18.4703   -0.00005     -0.153  0.000e+00
    18.4740   -0.00005     -0.153  0.000e+00
    18.4777   -0.00005     -0.153  0.000e+00
    18.4821   -0.00005     -0.153  0.000e+00
    18.4853   -0.00005     -0.153  0.000e+00
    18.4900   -0.00005     -0.153  0.000e+00
    18.4957   -0.00005     -0.153  0.000e+00
    18.5009   -0.00005     -0.153  0.000e+00
    18.5066   -0.00005     -0.153  0.000e+00
    18.5128   -0.00005     -0.153  0.000e+00
    18.5191   -0.00005     -0.153  0.000e+00
    18.5256   -0.00005     -0.153  0.000e+00
    18.5332   -0.00005     -0.189  0.000e+00
    18.5402   -0.00005     -0.153  0.000e+00
    18.5479   -0.00005     -0.153  0.000e+00
    18.5563   -0.00005     -0.153  0.000e+00
    18.5645   -0.00005     -0.153  0.000e+00
    18.5734   -0.00005     -0.153  0.000e+00
    18.5824   -0.00005     -0.153  0.000e+00
    18.5916   -0.00005     -0.153  0.000e+00
    18.6006   -0.00005     -0.153  0.000e+00
    18.6103   -0.00006     -0.153  0.000e+00
    18.6206   -0.00005     -0.153  0.000e+00
    18.6306   -0.00006     -0.153  0.000e+00
    18.6415   -0.00005     -0.153  0.000e+00
    18.6522   -0.00005     -0.153  0.000e+00
    18.6641   -0.00006     -0.153  0.000e+00
    18.6759   -0.00006     -0.153  0.000e+00
    18.6864   -0.00005     -0.153  0.000e+00
    18.6980   -0.00005     -0.153  0.000e+00
    18.7105   -0.00005     -0.153  0.000e+00
    18.7220   -0.00005     -0.153  0.000e+00
    18.7347   -0.00006     -0.153  0.000e+00
    18.7466   -0.00005     -0.153  0.000e+00
    18.7595   -0.00005     -0.153  0.000e+00
    18.7722   -0.00005     -0.153  0.000e+00
    18.7846   -0.00005     -0.153  0.000e+00
    18.7978   -0.00005     -0.153  0.000e+00
    18.8108   -0.00005     -0.153  0.000e+00
    18.8240   -0.00005     -0.153  0.000e+00
    18.8376   -0.00005     -0.153  0.000e+00
    18.8506   -0.00006     -0.153  0.000e+00
    18.8649   -0.00006     -0.153  0.000e+00
    18.8788   -0.00005     -0.153  0.000e+00
    18.8933   -0.00006     -0.153  0.000e+00
    18.9077   -0.00006     -0.153  0.000e+00
    18.9226   -0.00005     -0.153  0.000e+00
    18.9388   -0.00006     -0.153  0.000e+00
    18.9523   -0.00006     -0.153  0.000e+00
    18.9674   -0.00005     -0.153  0.000e+00
    18.9823   -0.00005     -0.153  0.000e+00
    18.9983   -0.00005     -0.153  0.000e+00
    19.0128   -0.00005     -0.153  0.000e+00
    19.0295   -0.00005     -0.153  0.000e+00
    19.0443   -0.00005     -0.153  0.000e+00
    19.0597   -0.00006     -0.153  0.000e+00
    19.0764   -0.00005     -0.153  0.000e+00
    19.0913   -0.00005     -0.153  0.000e+00
    19.1075   -0.00005     -0.153  0.000e+00
    19.1229   -0.00006     -0.153  0.000e+00
    19.1388   -0.00006     -0.153  0.000e+00
    19.1547   -0.00006     -0.153  0.000e+00
    19.1705   -0.00006     -0.153  0.000e+00
    19.1871   -0.00005     -0.153  0.000e+00
    19.2015   -0.00006     -0.153  0.000e+00
    19.2175   -0.00006     -0.153  0.000e+00
    19.2325   -0.00005     -0.153  0.000e+00
    19.2481   -0.00006     -0.153  0.000e+00
    19.2634   -0.00005     -0.153  0.000e+00
    19.2788   -0.00006     -0.153  0.000e+00
    19.2947   -0.00005     -0.153  0.000e+00
    19.3094   -0.00006     -0.153  0.000e+00
    19.3244   -0.00005     -0.153  0.000e+00
    19.3388   -0.00005     -0.153  0.000e+00
    19.3540   -0.00006     -0.153  0.000e+00
    19.3686   -0.00006     -0.153  0.000e+00
    19.3837   -0.00006     -0.153  0.000e+00
    19.3982   -0.00006     -0.153  0.000e+00
    19.4128   -0.00006     -0.153  0.000e+00
    19.4276   -0.00006     -0.153  0.000e+00
    19.4428   -0.00006     -0.153  0.000e+00
    19.4573   -0.00006     -0.153  0.000e+00
    19.4720   -0.00006     -0.153  0.000e+00
    19.4870   -0.00006     -0.153  0.000e+00
    19.5016   -0.00006     -0.153  0.000e+00
    19.5155   -0.00005     -0.153  0.000e+00
    19.5306   -0.00006     -0.153  0.000e+00
    19.5446   -0.00006     -0.153  0.000e+00
    19.5588   -0.00006     -0.153  0.000e+00
    19.5717   -0.00006     -0.153  0.000e+00
    19.5862   -0.00006     -0.153  0.000e+00
    19.5986   -0.00006     -0.153  0.000e+00
    19.6120   -0.00006     -0.153  0.000e+00
    19.6254   -0.00005     -0.153  0.000e+00
    19.6385   -0.00006     -0.153  0.000e+00
    19.6507   -0.00006     -0.153  0.000e+00
    19.6645   -0.00006     -0.153  0.000e+00
    19.6761   -0.00006     -0.153  0.000e+00
    19.6886   -0.00006     -0.153  0.000e+00
    19.7015   -0.00006     -0.153  0.000e+00
